# abundance scale factors relative to solar: He=1.0 Li=100.0 Be=100.0 B=100.0 C=100.0 N=100.0 O=100.0 F=100.0 Ne=100.0 Na=100.0 Mg=100.0 Al=100.0 Si=100.0 P=100.0 S=100.0 Cl=100.0 Ar=100.0 K=100.0 Ca=0.0 Sc=100.0 Ti=100.0 V=100.0 Cr=100.0 Mn=100.0 Fe=100.0 Co=100.0 Ni=100.0 Cu=100.0 Zn=100.0
# alt rho v mu
1.715808000000000000e+09	2.032379135545556265e-14	1.674356881431938291e+03	2.569747535716655484e+00
1.741833053477372169e+09	1.740056297628368568e-14	1.897639803339190166e+03	2.553808263172511417e+00
1.768252850077809095e+09	1.493238899428234704e-14	2.145715347390138504e+03	2.533119645566201505e+00
1.795073377190860987e+09	1.284362474429877540e-14	2.420684090888431001e+03	2.510012524237845710e+00
1.822300713021676064e+09	1.107193044657921823e-14	2.724750223480342811e+03	2.486031825482802660e+00
1.849941027968477964e+09	9.565811898846316545e-15	3.060219165593655816e+03	2.459663214781803831e+00
1.878000586020931721e+09	8.282636389971978757e-15	3.429494359812391394e+03	2.430898896550069299e+00
1.906485746179720402e+09	7.187028242281361162e-15	3.835073213425703671e+03	2.398684873878778046e+00
1.935402963897655487e+09	6.249568337239599586e-15	4.279542178519980553e+03	2.368872545426197629e+00
1.964758792542644262e+09	5.445737621403640374e-15	4.765570964769892271e+03	2.338883735251898077e+00
1.994559884882847548e+09	4.755056884946079947e-15	5.295905889437985934e+03	2.308605444253176930e+00
2.024812994594363928e+09	4.160384792791769174e-15	5.873362378907761013e+03	2.278586556132662810e+00
2.055524977791782379e+09	3.647343799407390260e-15	6.500816646232507082e+03	2.248742384175817399e+00
2.086702794581950665e+09	3.203849634731568632e-15	7.181196579546967769e+03	2.219273706159860637e+00
2.118353510641309738e+09	2.819724853898195121e-15	7.917471886613010611e+03	2.190262527250866231e+00
2.150484298817154408e+09	2.486380764395950908e-15	8.712643551095927251e+03	2.161798347480299753e+00
2.183102440753178120e+09	2.196555089454369798e-15	9.569732666224692366e+03	2.133758776361982967e+00
2.216215328539680481e+09	1.944095158607469066e-15	1.049176872110286968e+04	2.106338231081641421e+00
2.249830466388797283e+09	1.723778363161091941e-15	1.148177742392516484e+04	2.079220277905801773e+00
2.283955472335144043e+09	1.531163175876039734e-15	1.254276815454147072e+04	2.052728475430388055e+00
2.318598079962255955e+09	1.362465289432332034e-15	1.367772114601421890e+04	2.026831428011179881e+00
2.353766140155208588e+09	1.214454439351661680e-15	1.488957450087353391e+04	2.001343037090927535e+00
2.389467622879829884e+09	1.084368293183346045e-15	1.618121115252862910e+04	1.976518579738241410e+00
2.425710618988891125e+09	9.698404478397453486e-16	1.755544588560924603e+04	1.952017558473391201e+00
2.462503342055700302e+09	8.688401119052396151e-16	1.901501253077323054e+04	1.927981738614624518e+00
2.499854130235500813e+09	7.796214841201819179e-16	2.056255144963822386e+04	1.906099404446814027e+00
2.537771448155109882e+09	7.006811926489748640e-16	2.220059742392535918e+04	1.884317080204152672e+00
2.576263888831213951e+09	6.307224478260844062e-16	2.393156805961776263e+04	1.862113188471364866e+00
2.615340175617763042e+09	5.686247963551943872e-16	2.575775281196098149e+04	1.842416825033244665e+00
2.655009164182900906e+09	5.134185574537737685e-16	2.768130273051716722e+04	1.822665666179363431e+00
2.695279844515882969e+09	4.642631792519428204e-16	2.970422101533433670e+04	1.801904231160085024e+00
2.736161342964432240e+09	4.204288833619042622e-16	3.182835446573661829e+04	1.781714252874373017e+00
2.777662924303001404e+09	3.812810721664386556e-16	3.405538589245417097e+04	1.762023044832911944e+00
2.819793993832400799e+09	3.462670612610465087e-16	3.638682755199237727e+04	1.741932772840205645e+00
2.862564099511276722e+09	3.149047720470421107e-16	3.882401564952125045e+04	1.721475044075237104e+00
2.905982934119919777e+09	2.867730794880436310e-16	4.136810594338793453e+04	1.704017554259939393e+00
2.950060337456891060e+09	2.615035597644897767e-16	4.402007047088530089e+04	1.687146885020796683e+00
2.994806298568967342e+09	2.387734238250652008e-16	4.678069540140612662e+04	1.670829830782843084e+00
3.040230958014912605e+09	2.182994571361354338e-16	4.965058000983928650e+04	1.655056880550521026e+00
3.086344610163579941e+09	1.998328144920571430e-16	5.263013675027345744e+04	1.639852569994207032e+00
3.133157705526875973e+09	1.831545425699769407e-16	5.571959239799113857e+04	1.625248518938053222e+00
3.180680853128109455e+09	1.680717228112874202e-16	5.891899021657567209e+04	1.611223161366555301e+00
3.228924822906262398e+09	1.544141438605190893e-16	6.222819309689097281e+04	1.597689158269179899e+00
3.277900548156727314e+09	1.420314267436959285e-16	6.564688760586884746e+04	1.584664872081525955e+00
3.327619128009068966e+09	1.307905376772198734e-16	6.917458887556612899e+04	1.572047657761729500e+00
3.378091829942363262e+09	1.205736332405299531e-16	7.281064625689572131e+04	1.559701518194783532e+00
3.429330092338694096e+09	1.112761909312755435e-16	7.655424965782840445e+04	1.547471937720418689e+00
3.481345527075376034e+09	1.028053851071350943e-16	8.040443648270235281e+04	1.534592331613814142e+00
3.534149922156496525e+09	9.507867421641301275e-17	8.436009908752155025e+04	1.524431413850430461e+00
3.587755244384375572e+09	8.802257020665366771e-17	8.841999266571550106e+04	1.514609875390332761e+00
3.642173642071544170e+09	8.157156522348873320e-17	9.258274347966439382e+04	1.502231175497429350e+00
3.697417447793855190e+09	7.566719429292739678e-17	9.684685735526881763e+04	1.492441128700472186e+00
3.753499181185356617e+09	7.025721572118509791e-17	1.012107283598154172e+05	1.483217996534130556e+00
3.810431551775551319e+09	6.529489353195998312e-17	1.056726475872348237e+05	1.474324176516150553e+00
3.868227461869701385e+09	6.073836846293212352e-17	1.102308119794086233e+05	1.466044255503009319e+00
3.926900009472812653e+09	5.655010592072829457e-17	1.148833331173187325e+05	1.458087313062370383e+00
3.986462491257967472e+09	5.269641089660259474e-17	1.196282459213958500e+05	1.450393000511124297e+00
4.046928405579690456e+09	4.914700121556074133e-17	1.244635172062853526e+05	1.443130857006853951e+00
4.108311455533010960e+09	4.587463166487767012e-17	1.293870540412646951e+05	1.436158978458911051e+00
4.170625552058931828e+09	4.285476255359948855e-17	1.343967118736160046e+05	1.429401539769886931e+00
4.233884817096995354e+09	4.006526711773152555e-17	1.394903023782676610e+05	1.422257846144559412e+00
4.298103586785668373e+09	3.748617292752420186e-17	1.446656010028736782e+05	1.415883312743002165e+00
4.363296414711276054e+09	3.509943309144820807e-17	1.499203541831404145e+05	1.410316027567308117e+00
4.429478075206207275e+09	3.288872360122868960e-17	1.552522862085528322e+05	1.405755198970651376e+00
4.496663566697148323e+09	3.083926363650619565e-17	1.606591057236636698e+05	1.400006628629408389e+00
4.564868115104105949e+09	2.893765605718806420e-17	1.661385118547509192e+05	1.393175299498720987e+00
4.634107177290980339e+09	2.717174566560158870e-17	1.716881999558855605e+05	1.388835583514665295e+00
4.704396444568479538e+09	2.553049312701820465e-17	1.773058669722903287e+05	1.384975591191174527e+00
4.775751846250167847e+09	2.400386270269657356e-17	1.829892164222861466e+05	1.381092709990114020e+00
4.848189553262443542e+09	2.258272218000238080e-17	1.887359630021331541e+05	1.375170055783943246e+00
4.921725981809281349e+09	2.125875358428813302e-17	1.945438368206857122e+05	1.369574232184159079e+00
4.996377797092551231e+09	2.002437343123022722e-17	2.004105872730085684e+05	1.365501275232661849e+00
5.072161917088779449e+09	1.887266142979647240e-17	2.063339865639675118e+05	1.365181669622971494e+00
5.149095516383179665e+09	1.779729667801583351e-17	2.123118328943346278e+05	1.360856350685132998e+00
5.227196030061848640e+09	1.679250050887133672e-17	2.183419533231640526e+05	1.357321893413986791e+00
5.306481157662994385e+09	1.585298524419339691e-17	2.244222063211220957e+05	1.355690651168832250e+00
5.386968867188097000e+09	1.497390820233503764e-17	2.305504840301221120e+05	1.351583832625199655e+00
5.468677399173906326e+09	1.415083038233299737e-17	2.367247142450548999e+05	1.347461037320745625e+00
5.551625270826211929e+09	1.337967931463960103e-17	2.429428621336400392e+05	1.344692856126971536e+00
5.635831280216295242e+09	1.265671562759331716e-17	2.492029317104722431e+05	1.344423095101664023e+00
5.721314510541063309e+09	1.197850293065208516e-17	2.555029670812440163e+05	1.341680485058782901e+00
5.808094334447755814e+09	1.134188066097363050e-17	2.618410534728854836e+05	1.338668436613547286e+00
5.896190418424298286e+09	1.074393957999096443e-17	2.682153180650332361e+05	1.335862797701205196e+00
5.985622727256209373e+09	1.018199964189981090e-17	2.746239306377917528e+05	1.332613247238945364e+00
6.076411528551117897e+09	9.653589987046291751e-18	2.810651040502591059e+05	1.329616959093993467e+00
6.168577397331929207e+09	9.156430840606646957e-18	2.875370945637217374e+05	1.326860606260705344e+00
6.262141220699620247e+09	8.688417121139223291e-18	2.940382020228123292e+05	1.323294084788704472e+00
6.357124202566800117e+09	8.247603584959268470e-18	3.005667699073003605e+05	1.321035580281799904e+00
6.453547868463043213e+09	7.832191351185332338e-18	3.071211852665206534e+05	1.319483285686904983e+00
6.551434070413103104e+09	7.440515669032143510e-18	3.136998785477817873e+05	1.317390636844705698e+00
6.650804991889153481e+09	7.071034803741796233e-18	3.203013233294370002e+05	1.313919905745579708e+00
6.751683152838100433e+09	6.722319930682764050e-18	3.269240359686266747e+05	1.311737650125821109e+00
6.854091414785173416e+09	6.393045938803846874e-18	3.335665751730586053e+05	1.309695375239592341e+00
6.958052986014927864e+09	6.081983054984395005e-18	3.402275415055548074e+05	1.307479750498864668e+00
7.063591426830814362e+09	5.787989210025949456e-18	3.469055768294691225e+05	1.305033834974254958e+00
7.170730654894548416e+09	5.510003075218154663e-18	3.535993637025000062e+05	1.301153047252693540e+00
7.279494950646441460e+09	5.247037705702688709e-18	3.603076247258307994e+05	1.300561340517757847e+00
7.389908962807960510e+09	4.998174733355152488e-18	3.670291218550046906e+05	1.303029557381935266e+00
7.501997713967759132e+09	4.762559057698977163e-18	3.737626556784062996e+05	1.303465529506317999e+00
7.615786606252405167e+09	4.539393988536767648e-18	3.805070646687408444e+05	1.301267040640334605e+00
7.731301427083156586e+09	4.327936798603661776e-18	3.872612244124307763e+05	1.299211159622863931e+00
7.848568355020038605e+09	4.127494648677044078e-18	3.940240468214239809e+05	1.297142155454534596e+00
7.967613965694545746e+09	3.937420851271637086e-18	4.007944793314734707e+05	1.295115017978946126e+00
8.088465237832370758e+09	3.757111442356634417e-18	4.075715040906036738e+05	1.293165557744286209e+00
8.211149559367446899e+09	3.586002033496142419e-18	4.143541371410847642e+05	1.291332428140691269e+00
8.335694733648739815e+09	3.423564919472033564e-18	4.211414275979198865e+05	1.289496603903881544e+00
8.462128985741199493e+09	3.269306418833607953e-18	4.279324568265518756e+05	1.287702378061729158e+00
8.590480968822252274e+09	3.122764426961109878e-18	4.347263376221843646e+05	1.285993521158460329e+00
8.720779770675340652e+09	2.983506163155070991e-18	4.415222133928764961e+05	1.284429786472720103e+00
8.853054920281948090e+09	2.851126094995653847e-18	4.483192573482999578e+05	1.282838756174263573e+00
8.987336394513591766e+09	2.725244024774241096e-18	4.551166716958850157e+05	1.281177261283073854e+00
9.123654624925355911e+09	2.605503324204862101e-18	4.619136868456788361e+05	1.279545106677273170e+00
9.262040504652433395e+09	2.491569304885748098e-18	4.687095606254813028e+05	1.278037124243561085e+00
9.402525395411285400e+09	2.383127713126581303e-18	4.755035775070556556e+05	1.276745050169576512e+00
9.545141134607006073e+09	2.279883338783973934e-18	4.822950478445951594e+05	1.275499818343746927e+00
9.689920042548460007e+09	2.181558728680421322e-18	4.890833071261626319e+05	1.274194274367165702e+00
9.836894929772893906e+09	2.087892996022560839e-18	4.958677152388053946e+05	1.272884983364983347e+00
9.986099104481622696e+09	1.998640717995608048e-18	5.026476557479180046e+05	1.271620544769578753e+00
1.013756638008849144e+10	1.913570914399703108e-18	5.094225351913073682e+05	1.270194123633840988e+00
1.029133108288286972e+10	1.832466100817712626e-18	5.161917823883272358e+05	1.268645243381817611e+00
1.044742805980882263e+10	1.755121410369596510e-18	5.229548477643559454e+05	1.267098463244999751e+00
1.060589268636233139e+10	1.681343778621173723e-18	5.297112026908231201e+05	1.265622701014843310e+00
1.076676087460824776e+10	1.610951186680741164e-18	5.364603388409074396e+05	1.264253169081057004e+00
1.093006908131888008e+10	1.543771957939562997e-18	5.432017675609827274e+05	1.262909591616255156e+00
1.109585431623601151e+10	1.479644104296467106e-18	5.499350192578226561e+05	1.261510609914327397e+00
1.126415415045824242e+10	1.418414718056129798e-18	5.566596428015228594e+05	1.259951532091685422e+00
1.143500672495552635e+10	1.359939406008354200e-18	5.633752049440701958e+05	1.258349530905635172e+00
1.160845075921290207e+10	1.304081762485152008e-18	5.700812897534358781e+05	1.256826978228649860e+00
1.178452556000527191e+10	1.250712878456042275e-18	5.767774980630432256e+05	1.255331729722668932e+00
1.196327103030532646e+10	1.199710883962294144e-18	5.834634469364343677e+05	1.253913130471608017e+00
1.214472767832654762e+10	1.150960521410160388e-18	5.901387691469248384e+05	1.252527871829977713e+00
1.232893662670338631e+10	1.104352747443168366e-18	5.968031126720263856e+05	1.250898753795179674e+00
1.251593962181069946e+10	1.059784361296345210e-18	6.034561402023881674e+05	1.249000964626378885e+00
1.270577904322450829e+10	1.017157657702243222e-18	6.100975286650002236e+05	1.246955049298210438e+00
1.289849791332628441e+10	9.763801025713021636e-19	6.167269687603866914e+05	1.243345946757794085e+00
1.309413990705290985e+10	9.373640298088520460e-19	6.233441645135014551e+05	1.244044162705524981e+00
1.329274936179449081e+10	9.000263577588985837e-19	6.299488328380394960e+05	1.246100173346616824e+00
1.349437128744235039e+10	8.642883238819939839e-19	6.365407031138638267e+05	1.247808460590786650e+00
1.369905137658939171e+10	8.300752363818749960e-19	6.431195167772456771e+05	1.245622229015598270e+00
1.390683601488516998e+10	7.973162415939632405e-19	6.496850269236115273e+05	1.243618200784308181e+00
1.411777229154808235e+10	7.659441060391808265e-19	6.562369979224908166e+05	1.242023751516735386e+00
1.433190801003692055e+10	7.358950121294407346e-19	6.627752050443523331e+05	1.241945788574978504e+00
1.454929169888438416e+10	7.071083665873220397e-19	6.692994340990274213e+05	1.242170804972033693e+00
1.476997262269482994e+10	6.795266207124804359e-19	6.758094810854058014e+05	1.240596163379170447e+00
1.499400079330888176e+10	6.530951016916587467e-19	6.823051518521041144e+05	1.239169545158006480e+00
1.522142698113737106e+10	6.277618542083996570e-19	6.887862617688046303e+05	1.237899497564973750e+00
1.545230272666718102e+10	6.034774916630777054e-19	6.952526354079634184e+05	1.236145942572781653e+00
1.568668035214162636e+10	5.801950563640357356e-19	7.017041062365955440e+05	1.234110925060760700e+00
1.592461297341797829e+10	5.578698880968960136e-19	7.081405163178479997e+05	1.232458244936067038e+00
1.616615451200484467e+10	5.364595005217392633e-19	7.145617160220710794e+05	1.231317319597892590e+00
1.641135970728215981e+10	5.159234648871857466e-19	7.209675637471124064e+05	1.231844254728273969e+00
1.666028412890649986e+10	4.962233005867047382e-19	7.273579256475574803e+05	1.231301763989469000e+00
1.691298418940452957e+10	4.773223721160056230e-19	7.337326753726451425e+05	1.229832867860327861e+00
1.716951715695754242e+10	4.591857920213015008e-19	7.400916938125992892e+05	1.228347283284913827e+00
1.742994116837984085e+10	4.417803294568729325e-19	7.464348688531148946e+05	1.226876320329294279e+00
1.769431524229402542e+10	4.250743239967969407e-19	7.527620951377497986e+05	1.225492292564670072e+00
1.796269929250604248e+10	4.090376043701935210e-19	7.590732738379766233e+05	1.224097414746738943e+00
1.823515414158322525e+10	3.936414118119851242e-19	7.653683124306552345e+05	1.222692624013261176e+00
1.851174153463817215e+10	3.788583277421541735e-19	7.716471244826922193e+05	1.221431975514667423e+00
1.879252415332175827e+10	3.646622055058970547e-19	7.779096294426622335e+05	1.220233565785570962e+00
1.907756563002836990e+10	3.510281059250994814e-19	7.841557524391688639e+05	1.219117619746473480e+00
1.936693056231657410e+10	3.379322364282490151e-19	7.903854240857326658e+05	1.218171483221530016e+00
1.966068452754860687e+10	3.253518935413884166e-19	7.965985802919953130e+05	1.217147130552048484e+00
1.995889409775179291e+10	3.132654085371091093e-19	8.027951620810385793e+05	1.215035588754003193e+00
2.026162685470548248e+10	3.016520960519079059e-19	8.089751154126224574e+05	1.213287309033356465e+00
2.056895140525675964e+10	2.904922054946485482e-19	8.151383910121491645e+05	1.212360184160194976e+00
2.088093739686845016e+10	2.797668750803907128e-19	8.212849442051695660e+05	1.211913811974043353e+00
2.119765553340304565e+10	2.694580883345479685e-19	8.274147347572525032e+05	1.211741127779801586e+00
2.151917759114594269e+10	2.595486329223232695e-19	8.335277267190429848e+05	1.211921215855624956e+00
2.184557643507174301e+10	2.500220616676219697e-19	8.396238882763367146e+05	1.211398799768327539e+00
2.217692603535731125e+10	2.408626556342815804e-19	8.457031916050146101e+05	1.210634152621063553e+00
2.251330148414522552e+10	2.320553891504934379e-19	8.517656127306725830e+05	1.206699502740400387e+00
2.285477901256161880e+10	2.235858966647782112e-19	8.578111313927944284e+05	1.204003579737221719e+00
2.320143600799201584e+10	2.154404413288555226e-19	8.638397309133241652e+05	1.204004047604207095e+00
2.355335103161926270e+10	2.076058852092534309e-19	8.698513980694853235e+05	1.204687936841419393e+00
2.391060383622747040e+10	2.000696610355752155e-19	8.758461229707160965e+05	1.205284488224432016e+00
2.427327538427602768e+10	1.928197453989963198e-19	8.818238989395808894e+05	1.204910721711041299e+00
2.464144786624764633e+10	1.858446333198610532e-19	8.877847223965298617e+05	1.204531285977377131e+00
2.501520471927488708e+10	1.791333141081732772e-19	8.937285927483804990e+05	1.202473888488459819e+00
2.539463064604906082e+10	1.726752484453952000e-19	8.996555122803972336e+05	1.200095605566116497e+00
2.577981163401597214e+10	1.664603466202728778e-19	9.055654860518542118e+05	1.198944041136551286e+00
2.617083497486288834e+10	1.604789478554365525e-19	9.114585217949652579e+05	1.198398586575815106e+00
2.656778928430093765e+10	1.547218006652926827e-19	9.173346298170686932e+05	1.198362704094783515e+00
2.697076452214776230e+10	1.491800441892458272e-19	9.231938229059679434e+05	1.198502398113029610e+00
2.737985201271459579e+10	1.438451904475927102e-19	9.290361162383153569e+05	1.196023114602995374e+00
2.779514446550268936e+10	1.387091074705150818e-19	9.348615272909440100e+05	1.194426425348049658e+00
2.821673599621359253e+10	1.337640032534894773e-19	9.406700757550542476e+05	1.195391357509800301e+00
2.864472214807810211e+10	1.290024104951467264e-19	9.464617834531555418e+05	1.194059941761608679e+00
2.907919991350884628e+10	1.244171720761478145e-19	9.522366742586784530e+05	1.192419757963481430e+00
2.952026775608112335e+10	1.200014272400291652e-19	9.579947740181669360e+05	1.190811799724779796e+00
2.996802563284726334e+10	1.157485984391975372e-19	9.637361104759701993e+05	1.189254170264075317e+00
3.042257501698938370e+10	1.116523788113570235e-19	9.694607132013466908e+05	1.187745597493185867e+00
3.088401892081575012e+10	1.077067202536085780e-19	9.751686135179090779e+05	1.186345743223274907e+00
3.135246191910600281e+10	1.039058220633114840e-19	9.808598444353318773e+05	1.184910356569061962e+00
3.182801017281037903e+10	1.002441201165351253e-19	9.865344405832415214e+05	1.183524362263806973e+00
3.231077145310848618e+10	9.671627655654435969e-20	9.921924381472313544e+05	1.182146936447661778e+00
3.280085516583293915e+10	9.331716996630491226e-20	9.978338748069201829e+05	1.180850534263806262e+00
3.329837237626343536e+10	9.004188600042515840e-20	1.003458789675995125e+06	1.179589910778763739e+00
3.380343583429702759e+10	8.688570845330531901e-20	1.009067223244174733e+06	1.178382647519945481e+00
3.431616000000000763e+10	8.384411074153648008e-20	1.014659217321026954e+06	1.177201773737815316e+00
