# plname=hotNeptune
# parker_T=4800
# parker_Mdot=10.900
# parker_dir=z_1
# altmax=8
title hotNeptune 1D Parker with T=4800 and log(Mdot)=10.900
# ========= input spectrum ================
nuF(nu) = 3.002440894262984 at 0.0009465082313958337 Ryd
table SED "solar.spec"
cosmic rays background
# ========= chemistry      ================
# solar abundances and metallicity is standard
# ========= other          ================
set nend 3000   #models at high density need >1400 zones
set temperature floor 5 linear
stop temperature off     #otherwise it stops at 1e4 K
iterate to convergence
print last iteration
stop thickness 10.3983255	#last dlaw point
double optical depths    #so radiation does not escape into planet core freely
# ========= output         ================
save overview ".ovr" last
save cooling ".cool" last
# ========= density law    ================
#depth sets distances from edge of cloud
dlaw table depth
-35.0000000 6.4611461
2.7296646 6.4611461
2.7660466 6.4611462
3.4936873 6.4611462
3.5300694 6.4611463
3.7483616 6.4611463
3.7847436 6.4611464
3.8938897 6.4611464
3.9302718 6.4611465
4.0394179 6.4611465
4.0757999 6.4611466
4.1121819 6.4611466
4.1485640 6.4611467
4.1849460 6.4611467
4.2213280 6.4611468
4.2577101 6.4611468
4.2940921 6.4611469
4.3304742 6.4611469
4.3668562 6.4611470
4.4032382 6.4611471
4.4396203 6.4611472
4.4760023 6.4611473
4.5123843 6.4611474
4.5487664 6.4611475
4.5851484 6.4611476
4.6215304 6.4611477
4.6579125 6.4611479
4.6942945 6.4611480
4.7306765 6.4611482
4.7670586 6.4611483
4.8034406 6.4611485
4.8398226 6.4611488
4.8762047 6.4611490
4.9125867 6.4611492
4.9489688 6.4611495
4.9853508 6.4611498
5.0217328 6.4611501
5.0581149 6.4611505
5.0944969 6.4611508
5.1308789 6.4611513
5.1672610 6.4611517
5.2036430 6.4611522
5.2400250 6.4611527
5.2764071 6.4611533
5.3127891 6.4611539
5.3491711 6.4611546
5.3855532 6.4611553
5.4219352 6.4611562
5.4583173 6.4611570
5.4946993 6.4611580
5.5310813 6.4611590
5.5674634 6.4611601
5.6038454 6.4611614
5.6402274 6.4611627
5.6766095 6.4611641
5.7129915 6.4611657
5.7493735 6.4611674
5.7857556 6.4611693
5.8221376 6.4611713
5.8585196 6.4611735
5.8949017 6.4611759
5.9312837 6.4611785
5.9676657 6.4611813
6.0040478 6.4611844
6.0404298 6.4611878
6.0768119 6.4611914
6.1131939 6.4611954
6.1495759 6.4611997
6.1859580 6.4612043
6.2223400 6.4612094
6.2587220 6.4612150
6.2951041 6.4612210
6.3314861 6.4612275
6.3678681 6.4612346
6.4042502 6.4612423
6.4406322 6.4612508
6.4770142 6.4612599
6.5133963 6.4612698
6.5497783 6.4612806
6.5861603 6.4612924
6.6225424 6.4613052
6.6589244 6.4613191
6.6953065 6.4613342
6.7316885 6.4613506
6.7680705 6.4613685
6.8044526 6.4613879
6.8408346 6.4614090
6.8772166 6.4614320
6.9135987 6.4614569
6.9499807 6.4614841
6.9863627 6.4615136
7.0227448 6.4615457
7.0591268 6.4615806
7.0955088 6.4616186
7.1318909 6.4616598
7.1682729 6.4617047
7.2046549 6.4617534
7.2410370 6.4618065
7.2774190 6.4618641
7.3138011 6.4619268
7.3501831 6.4619950
7.3865651 6.4620691
7.4229472 6.4621496
7.4593292 6.4622372
7.4957112 6.4623324
7.5320933 6.4624359
7.5684753 6.4625484
7.6048573 6.4626707
7.6412394 6.4628037
7.6776214 6.4629482
7.7140034 6.4631054
7.7503855 6.4632761
7.7867675 6.4634706
7.8231495 6.4636840
7.8595316 6.4639158
7.8959136 6.4641678
7.9322957 6.4644416
7.9686777 6.4647392
8.0050597 6.4650625
8.0414418 6.4654138
8.0778238 6.4657955
8.1142058 6.4662101
8.1505879 6.4666605
8.1869699 6.4671498
8.2233519 6.4676812
8.2597340 6.4682583
8.2961160 6.4688849
8.3324980 6.4695653
8.3688801 6.4703039
8.4052621 6.4711057
8.4416442 6.4719758
8.4780262 6.4729200
8.5144082 6.4739443
8.5507903 6.4750555
8.5871723 6.4762605
8.6235543 6.4775670
8.6599364 6.4789833
8.6963184 6.4805477
8.7327004 6.4823057
8.7690825 6.4842094
8.8054645 6.4862700
8.8418465 6.4884996
8.8782286 6.4909110
8.9233431 6.4941746
8.9640932 6.4974427
9.0012394 6.5008223
9.0353596 6.5041658
9.0669026 6.5074740
9.0962245 6.5107475
9.1236122 6.5140142
9.1493004 6.5174044
9.1734836 6.5207584
9.1963246 6.5240768
9.2179613 6.5273603
9.2385112 6.5306258
9.2580754 6.5340267
9.2767418 6.5373913
9.2945868 6.5407201
9.3116774 6.5440138
9.3280729 6.5472780
9.3438258 6.5506900
9.3589829 6.5540653
9.3735860 6.5574047
9.3876727 6.5607088
9.4012770 6.5639782
9.4144293 6.5673948
9.4271577 6.5707811
9.4394874 6.5741312
9.4514416 6.5774458
9.4630415 6.5807256
9.4743064 6.5841420
9.4852543 6.5875394
9.4959016 6.5909004
9.5062637 6.5942257
9.5163545 6.5975160
9.5261873 6.6009323
9.5357741 6.6043410
9.5451262 6.6077131
9.5542543 6.6110493
9.5631682 6.6143503
9.5718771 6.6177665
9.5803897 6.6211866
9.5887141 6.6245700
9.5968579 6.6279173
9.6048283 6.6312292
9.6126319 6.6346454
9.6202753 6.6380772
9.6277643 6.6414720
9.6351047 6.6448306
9.6423018 6.6481535
9.6493608 6.6515697
9.6562863 6.6550134
9.6630831 6.6584199
9.6697554 6.6617899
9.6763073 6.6651241
9.6827429 6.6685404
9.6890658 6.6719962
9.6952795 6.6754145
9.7013876 6.6787962
9.7073931 6.6821418
9.7132993 6.6855582
9.7191090 6.6890263
9.7248251 6.6924567
9.7304503 6.6958502
9.7359872 6.6992074
9.7414383 6.7026240
9.7468059 6.7061047
9.7520922 6.7095474
9.7572996 6.7129529
9.7624302 6.7163219
9.7674858 6.7197388
9.7724685 6.7232322
9.7773801 6.7266874
9.7822224 6.7301052
9.7869972 6.7334862
9.7917062 6.7369035
9.7963508 6.7404098
9.8009327 6.7438777
9.8054534 6.7473079
9.8099143 6.7507013
9.8143168 6.7541189
9.8186622 6.7576383
9.8229519 6.7611192
9.8271870 6.7645622
9.8313689 6.7679679
9.8354986 6.7713860
9.8395773 6.7749189
9.8436062 6.7784129
9.8475862 6.7818688
9.8515183 6.7852873
9.8554037 6.7887059
9.8592433 6.7922524
9.8630379 6.7957599
9.8667885 6.7992289
9.8704961 6.8026603
9.8741613 6.8060795
9.8777852 6.8096399
9.8813684 6.8131610
9.8849118 6.8166435
9.8884161 6.8200880
9.8918821 6.8235078
9.8953104 6.8270825
9.8987019 6.8306175
9.9020571 6.8341135
9.9053767 6.8375714
9.9086614 6.8409920
9.9119118 6.8445811
9.9151285 6.8481302
9.9183121 6.8516402
9.9214632 6.8551117
9.9245824 6.8585455
9.9276701 6.8621368
9.9307269 6.8657004
9.9337534 6.8692246
9.9367501 6.8727100
9.9397174 6.8761574
9.9426558 6.8797509
9.9455659 6.8833292
9.9484480 6.8868677
9.9513026 6.8903673
9.9541302 6.8938286
9.9569312 6.8974244
9.9597061 6.9010177
9.9624551 6.9045709
9.9651787 6.9080849
9.9678774 6.9115603
9.9705514 6.9151585
9.9732013 6.9187671
9.9758272 6.9223353
9.9784296 6.9258639
9.9810089 6.9293538
9.9835654 6.9329545
9.9860993 6.9365786
9.9886111 6.9401620
9.9911011 6.9437057
9.9935695 6.9472102
9.9960167 6.9508135
9.9984430 6.9544534
10.0008487 6.9580525
10.0032340 6.9616113
10.0055993 6.9651309
10.0079448 6.9687368
10.0102707 6.9723930
10.0125775 6.9760078
10.0148652 6.9795823
10.0171342 6.9831171
10.0193848 6.9867258
10.0216171 6.9903984
10.0238314 6.9940295
10.0260279 6.9976198
10.0282069 7.0011701
10.0303686 7.0047818
10.0325132 7.0084712
10.0346410 7.0121188
10.0367521 7.0157253
10.0388468 7.0192915
10.0409253 7.0229061
10.0429877 7.0266127
10.0450343 7.0302771
10.0470652 7.0339001
10.0490807 7.0374824
10.0510810 7.0411002
10.0530662 7.0448243
10.0550364 7.0485059
10.0569920 7.0521457
10.0589331 7.0557445
10.0608597 7.0593655
10.0627722 7.0631075
10.0646707 7.0668066
10.0665553 7.0704635
10.0684262 7.0740792
10.0702835 7.0777035
10.0721274 7.0814638
10.0739581 7.0851807
10.0757758 7.0888551
10.0775804 7.0924880
10.0793723 7.0961158
10.0811516 7.0998946
10.0829183 7.1036298
10.0846726 7.1073221
10.0864147 7.1109725
10.0881447 7.1146038
10.0898627 7.1184016
10.0915689 7.1221554
10.0932634 7.1258660
10.0949463 7.1295343
10.0966177 7.1331692
10.0982778 7.1369865
10.0999266 7.1407593
10.1015644 7.1444885
10.1031911 7.1481750
10.1048070 7.1518197
10.1064121 7.1556508
10.1080065 7.1594430
10.1095905 7.1631912
10.1111639 7.1668964
10.1127271 7.1705594
10.1142800 7.1743963
10.1158228 7.1782083
10.1173556 7.1819760
10.1188785 7.1857002
10.1203915 7.1893819
10.1218948 7.1932247
10.1233885 7.1970570
10.1248727 7.2008445
10.1263474 7.2045882
10.1278128 7.2082889
10.1292689 7.2121379
10.1307158 7.2159909
10.1321537 7.2197986
10.1335825 7.2235622
10.1350025 7.2272823
10.1364136 7.2311377
10.1378160 7.2350118
10.1392097 7.2388403
10.1405949 7.2426241
10.1419715 7.2463641
10.1433398 7.2502259
10.1446997 7.2541217
10.1460513 7.2579713
10.1473947 7.2617759
10.1487300 7.2655362
10.1500573 7.2694047
10.1513766 7.2733225
10.1526880 7.2771938
10.1539916 7.2810195
10.1552874 7.2848007
10.1565756 7.2886759
10.1578561 7.2926163
10.1591291 7.2965097
10.1603946 7.3003571
10.1616526 7.3041594
10.1629033 7.3080417
10.1641468 7.3120052
10.1653830 7.3159212
10.1666120 7.3197907
10.1678339 7.3236147
10.1690488 7.3275042
10.1702567 7.3314913
10.1714577 7.3354304
10.1726518 7.3393225
10.1738391 7.3431687
10.1750196 7.3470655
10.1761935 7.3510768
10.1773607 7.3550395
10.1785214 7.3589548
10.1796755 7.3628237
10.1808231 7.3667280
10.1819644 7.3707639
10.1830992 7.3747508
10.1842277 7.3786898
10.1853500 7.3825819
10.1864661 7.3864939
10.1875760 7.3905551
10.1886798 7.3945667
10.1897775 7.3985299
10.1908692 7.4024457
10.1919549 7.4063656
10.1930347 7.4104526
10.1941087 7.4144896
10.1951768 7.4184776
10.1962391 7.4224176
10.1972957 7.4263456
10.1983466 7.4304591
10.1993919 7.4345220
10.2004315 7.4385353
10.2014656 7.4425001
10.2024942 7.4464363
10.2035173 7.4505769
10.2045350 7.4546663
10.2055473 7.4587055
10.2065542 7.4626958
10.2075558 7.4666404
10.2085521 7.4708087
10.2095433 7.4749253
10.2105292 7.4789911
10.2115100 7.4830073
10.2124856 7.4869749
10.2134562 7.4911573
10.2144218 7.4953016
10.2153823 7.4993946
10.2163379 7.5034374
10.2172885 7.5074310
10.2182343 7.5116252
10.2191752 7.5157980
10.2201113 7.5199188
10.2210426 7.5239889
10.2219692 7.5280092
10.2228910 7.5322155
10.2238082 7.5364174
10.2247207 7.5405667
10.2256286 7.5446646
10.2265319 7.5487122
10.2274306 7.5529309
10.2283249 7.5571627
10.2292146 7.5613412
10.2300999 7.5654677
10.2309808 7.5695432
10.2318573 7.5737746
10.2327294 7.5780369
10.2335972 7.5822453
10.2344607 7.5864011
10.2353199 7.5905052
10.2361749 7.5947495
10.2370257 7.5990432
10.2378723 7.6032822
10.2387147 7.6074679
10.2395530 7.6116014
10.2403872 7.6158589
10.2412174 7.6201847
10.2420435 7.6244551
10.2428656 7.6286715
10.2436837 7.6328350
10.2444978 7.6371060
10.2453080 7.6414647
10.2461143 7.6457673
10.2469167 7.6500152
10.2477152 7.6542094
10.2485099 7.6584942
10.2493009 7.6628866
10.2500880 7.6672223
10.2508714 7.6715023
10.2516510 7.6757281
10.2524270 7.6800269
10.2531992 7.6844540
10.2539678 7.6888234
10.2547328 7.6931365
10.2554941 7.6973946
10.2562519 7.7017078
10.2570061 7.7061703
10.2577567 7.7105744
10.2585039 7.7149214
10.2592475 7.7192125
10.2599877 7.7235404
10.2607244 7.7280393
10.2614577 7.7324789
10.2621875 7.7368606
10.2629140 7.7411857
10.2636371 7.7455284
10.2643569 7.7500647
10.2650734 7.7545407
10.2657865 7.7589581
10.2664964 7.7633180
10.2672030 7.7676759
10.2679064 7.7722504
10.2686065 7.7767639
10.2693034 7.7812177
10.2699972 7.7856133
10.2706878 7.7899867
10.2713752 7.7946005
10.2720596 7.7991523
10.2727408 7.8036436
10.2734189 7.8080758
10.2740940 7.8124649
10.2747660 7.8171191
10.2754350 7.8217102
10.2761010 7.8262399
10.2767640 7.8307096
10.2774240 7.8351207
10.2780811 7.8398103
10.2787352 7.8444418
10.2793864 7.8490109
10.2800347 7.8535191
10.2806801 7.8579678
10.2813226 7.8626786
10.2819623 7.8673515
10.2825991 7.8719611
10.2832331 7.8765088
10.2838644 7.8809960
10.2844928 7.8857284
10.2851184 7.8904439
10.2857413 7.8950949
10.2863615 7.8996831
10.2869790 7.9042099
10.2875937 7.9089643
10.2882057 7.9137234
10.2888151 7.9184171
10.2894218 7.9230468
10.2900259 7.9276142
10.2906273 7.9323910
10.2912261 7.9371950
10.2918224 7.9419324
10.2924160 7.9466047
10.2930071 7.9512137
10.2935956 7.9560135
10.2941815 7.9608634
10.2947650 7.9656457
10.2953459 7.9703618
10.2959243 7.9750135
10.2965003 7.9798366
10.2970738 7.9847338
10.2976448 7.9895621
10.2982134 7.9943231
10.2987795 7.9990187
10.2993433 8.0038655
10.2999046 8.0088112
10.3004635 8.0136867
10.3010201 8.0184939
10.3015743 8.0232344
10.3021262 8.0281054
10.3026757 8.0331009
10.3032229 8.0380250
10.3037678 8.0428795
10.3043103 8.0476662
10.3048506 8.0525617
10.3053887 8.0576084
10.3059244 8.0625824
10.3064580 8.0674855
10.3069892 8.0723195
10.3075183 8.0772400
10.3080451 8.0823393
10.3085698 8.0873644
10.3090922 8.0923174
10.3096125 8.0972001
10.3101306 8.1021460
10.3106466 8.1072992
10.3111604 8.1123769
10.3116721 8.1173811
10.3121817 8.1223137
10.3126891 8.1272854
10.3131945 8.1324940
10.3136978 8.1376257
10.3141990 8.1426825
10.3146981 8.1476663
10.3151952 8.1526642
10.3156902 8.1579298
10.3161832 8.1631169
10.3166742 8.1682277
10.3171632 8.1732642
10.3176502 8.1782885
10.3181352 8.1836126
10.3186182 8.1888567
10.3190992 8.1940230
10.3195783 8.1991134
10.3200554 8.2041646
10.3205306 8.2095489
10.3210039 8.2148515
10.3214752 8.2200746
10.3219447 8.2252205
10.3224122 8.2302990
10.3228779 8.2357450
10.3233416 8.2411077
10.3238035 8.2463893
10.3242636 8.2515920
10.3247218 8.2567180
10.3251781 8.2622075
10.3256326 8.2676319
10.3260853 8.2729736
10.3265362 8.2782348
10.3269853 8.2834176
10.3274326 8.2889433
10.3278780 8.2944311
10.3283218 8.2998344
10.3287637 8.3051556
10.3292039 8.3103968
10.3296423 8.3159593
10.3300790 8.3215122
10.3305140 8.3269788
10.3309472 8.3323615
10.3313787 8.3376626
10.3318085 8.3432624
10.3322366 8.3488822
10.3326630 8.3544138
10.3330878 8.3598597
10.3335108 8.3652223
10.3339322 8.3708600
10.3343519 8.3765485
10.3347700 8.3821468
10.3351865 8.3876576
10.3356013 8.3930833
10.3360144 8.3987594
10.3364260 8.4045184
10.3368359 8.4101853
10.3372443 8.4157627
10.3376510 8.4212531
10.3380562 8.4269682
10.3384598 8.4327997
10.3388618 8.4385369
10.3392623 8.4441827
10.3396612 8.4497395
10.3400585 8.4554939
10.3404543 8.4613999
10.3408486 8.4672094
10.3412413 8.4729253
10.3416325 8.4785503
10.3420222 8.4843446
10.3424104 8.4903269
10.3427971 8.4962106
10.3431824 8.5019985
10.3435661 8.5076934
10.3439483 8.5135280
10.3443291 8.5195889
10.3447084 8.5255487
10.3450863 8.5314105
10.3454627 8.5371771
10.3458377 8.5430524
10.3462112 8.5491939
10.3465833 8.5552319
10.3469540 8.5611695
10.3473233 8.5670097
10.3476911 8.5729260
10.3480576 8.5791503
10.3484226 8.5852685
10.3487863 8.5912839
10.3491486 8.5971996
10.3495095 8.6031572
10.3498690 8.6094665
10.3502272 8.6156670
10.3505840 8.6217622
10.3509395 8.6277554
10.3512936 8.6337546
10.3516464 8.6401511
10.3519978 8.6464361
10.3523480 8.6526132
10.3526968 8.6586857
10.3530442 8.6647268
10.3533904 8.6712128
10.3537353 8.6775846
10.3540789 8.6838456
10.3544212 8.6899995
10.3547622 8.6960827
10.3551019 8.7026606
10.3554403 8.7091213
10.3557775 8.7154685
10.3561134 8.7217058
10.3564481 8.7278367
10.3567815 8.7345033
10.3571137 8.7410553
10.3574446 8.7474908
10.3577743 8.7538136
10.3581028 8.7600273
10.3584300 8.7667502
10.3587560 8.7733957
10.3590808 8.7799217
10.3594044 8.7863322
10.3597268 8.7926308
10.3600481 8.7994103
10.3603681 8.8061518
10.3606869 8.8127707
10.3610046 8.8192710
10.3613210 8.8256565
10.3616363 8.8324931
10.3619505 8.8393330
10.3622635 8.8460470
10.3625753 8.8526393
10.3628860 8.8591139
10.3631955 8.8660079
10.3635039 8.8729487
10.3638112 8.8797602
10.3641173 8.8864468
10.3644223 8.8930126
10.3647262 8.8999644
10.3650290 8.9070086
10.3653307 8.9139200
10.3656313 8.9207031
10.3659307 8.9273622
10.3662291 8.9343721
10.3665264 8.9415224
10.3668226 8.9485361
10.3671177 8.9554180
10.3674117 8.9621727
10.3677047 8.9692407
10.3679966 8.9764997
10.3682874 8.9836183
10.3685772 8.9906014
10.3688659 8.9974538
10.3691536 9.0045802
10.3694402 9.0119505
10.3697258 9.0191764
10.3700104 9.0262632
10.3702939 9.0332156
10.3705764 9.0404004
10.3708579 9.0478847
10.3711384 9.0552206
10.3714178 9.0624133
10.3716963 9.0694681
10.3719737 9.0767112
10.3722501 9.0843124
10.3725256 9.0917608
10.3728000 9.0990620
10.3730735 9.1062214
10.3733459 9.1135227
10.3736174 9.1212436
10.3738880 9.1288072
10.3741575 9.1362194
10.3744261 9.1434858
10.3746937 9.1508451
10.3749604 9.1586884
10.3752261 9.1663700
10.3754908 9.1738957
10.3757546 9.1812715
10.3760175 9.1886885
10.3762794 9.1966573
10.3765404 9.2044594
10.3768005 9.2121013
10.3770596 9.2195890
10.3773178 9.2270631
10.3775751 9.2351603
10.3778315 9.2430859
10.3780869 9.2508465
10.3783415 9.2584484
10.3785951 9.2659792
10.3788479 9.2742079
10.3790997 9.2822597
10.3793507 9.2901418
10.3796007 9.2978605
10.3798499 9.3054473
10.3800982 9.3138104
10.3803456 9.3219914
10.3805922 9.3299975
10.3808378 9.3378356
10.3810826 9.3455120
10.3813266 9.3539784
10.3815697 9.3622915
10.3818119 9.3704244
10.3820533 9.3783843
10.3822938 9.3861780
10.3825334 9.3947223
10.3827723 9.4031704
10.3830102 9.4114330
10.3832474 9.4195174
10.3834837 9.4274306
10.3837192 9.4360527
10.3839539 9.4446389
10.3841877 9.4530338
10.3844207 9.4612453
10.3846529 9.4692808
10.3848843 9.4779802
10.3851149 9.4867075
10.3853446 9.4952377
10.3855736 9.5035790
10.3858018 9.5117391
10.3860291 9.5205154
10.3862557 9.5293870
10.3864815 9.5380554
10.3867065 9.5465292
10.3869307 9.5548164
10.3871541 9.5636691
10.3873768 9.5726882
10.3875987 9.5814977
10.3878198 9.5901068
10.3880401 9.5985236
10.3882597 9.6074520
10.3884785 9.6166218
10.3886965 9.6255755
10.3889138 9.6343226
10.3891304 9.6428717
10.3893462 9.6518750
10.3895612 9.6611987
10.3897755 9.6702997
10.3899891 9.6791876
10.3902019 9.6878717
10.3904139 9.6969489
10.3906253 9.7064300
10.3908359 9.7156812
10.3910458 9.7247129
10.3912550 9.7335345
10.3914634 9.7426845
10.3916711 9.7523264
10.3918781 9.7617312
10.3920844 9.7709095
10.3922900 9.7798715
10.3924949 9.7890931
10.3926991 9.7988992
10.3929025 9.8084607
10.3931053 9.8177887
10.3933074 9.8268937
10.3935088 9.8361855
10.3937095 9.8461595
10.3939095 9.8558810
10.3941088 9.8653616
10.3943074 9.8746125
10.3945054 9.8839729
10.3947026 9.8941184
10.3948992 9.9040032
10.3950952 9.9136397
10.3952904 9.9230392
10.3954850 9.9324665
10.3956789 9.9427873
10.3958722 9.9528388
10.3960648 9.9626342
10.3962567 9.9721853
10.3964480 9.9816776
10.3966387 9.9921774
10.3968287 10.0023993
10.3970180 10.0123567
10.3972067 10.0220624
10.3973948 10.0316175
10.3975822 10.0423003
10.3977690 10.0526960
10.3979551 10.0628188
10.3981406 10.0726820
10.3983255 10.0822978
10.4983255 10.0822978
end of dlaw #last point added to prevent roundoff
# ========= temperature law    ============
#depth sets distances from edge of cloud
tlaw table depth
-35.0000000 3.2795986
3.1944088 3.2795986
3.2272848 3.2795987
3.9505569 3.2795987
3.9834329 3.2795988
4.2135650 3.2795988
4.2464410 3.2795989
4.3779450 3.2795989
4.4108210 3.2795990
4.5094490 3.2795990
4.5423250 3.2795991
4.6080770 3.2795991
4.6409530 3.2795992
4.6738290 3.2795992
4.7067050 3.2795993
4.7395810 3.2795993
4.7724570 3.2795994
4.8053330 3.2795994
4.8382091 3.2795995
4.8710851 3.2795996
4.9039611 3.2795996
4.9368371 3.2795997
4.9697131 3.2795998
5.0025891 3.2795999
5.0354651 3.2796000
5.0683411 3.2796001
5.1012171 3.2796002
5.1340931 3.2796004
5.1669691 3.2796005
5.1998451 3.2796006
5.2327211 3.2796008
5.2655971 3.2796010
5.2984731 3.2796012
5.3313491 3.2796014
5.3642251 3.2796016
5.3971011 3.2796018
5.4299771 3.2796021
5.4628531 3.2796023
5.4957292 3.2796026
5.5286052 3.2796029
5.5614812 3.2796033
5.5943572 3.2796036
5.6272332 3.2796040
5.6601092 3.2796044
5.6929852 3.2796049
5.7258612 3.2796054
5.7587372 3.2796059
5.7916132 3.2796065
5.8244892 3.2796071
5.8573652 3.2796078
5.8902412 3.2796085
5.9231172 3.2796093
5.9559932 3.2796101
5.9888692 3.2796110
6.0217452 3.2796120
6.0546212 3.2796131
6.0874972 3.2796142
6.1203732 3.2796154
6.1532493 3.2796167
6.1861253 3.2796182
6.2190013 3.2796197
6.2518773 3.2796213
6.2847533 3.2796231
6.3176293 3.2796251
6.3505053 3.2796271
6.3833813 3.2796294
6.4162573 3.2796318
6.4491333 3.2796344
6.4820093 3.2796372
6.5148853 3.2796403
6.5477613 3.2796435
6.5806373 3.2796471
6.6135133 3.2796509
6.6463893 3.2796550
6.6792653 3.2796594
6.7121413 3.2796642
6.7450173 3.2796693
6.7778933 3.2796749
6.8107694 3.2796809
6.8436454 3.2796874
6.8765214 3.2796944
6.9093974 3.2797019
6.9422734 3.2797100
6.9751494 3.2797188
7.0080254 3.2797282
7.0409014 3.2797384
7.0737774 3.2797494
7.1066534 3.2797612
7.1395294 3.2797740
7.1724054 3.2797878
7.2052814 3.2798027
7.2381574 3.2798187
7.2710334 3.2798360
7.3039094 3.2798547
7.3367854 3.2798748
7.3696614 3.2798965
7.4025374 3.2799201
7.4354135 3.2799455
7.4682895 3.2799730
7.5011655 3.2800026
7.5340415 3.2800345
7.5669175 3.2800689
7.5997935 3.2801060
7.6326695 3.2801461
7.6655455 3.2801893
7.6984215 3.2802366
7.7312975 3.2802881
7.7641735 3.2803436
7.7970495 3.2804035
7.8299255 3.2804681
7.8761365 3.2805683
7.9179828 3.2806695
7.9562252 3.2807708
7.9914412 3.2808713
8.0240800 3.2809704
8.0544975 3.2810697
8.0829807 3.2811701
8.1097642 3.2812727
8.1350425 3.2813754
8.1589785 3.2814784
8.1817100 3.2815817
8.2033545 3.2816851
8.2240132 3.2817887
8.2437739 3.2818920
8.2627130 3.2819956
8.2808976 3.2820993
8.2983869 3.2822030
8.3152335 3.2823069
8.3314841 3.2824113
8.3471805 3.2825177
8.3623604 3.2826242
8.3770576 3.2827304
8.3913028 3.2828349
8.4051239 3.2829395
8.4185461 3.2830443
8.4315927 3.2831491
8.4442847 3.2832542
8.4566416 3.2833605
8.4686814 3.2834694
8.4804204 3.2835785
8.4918740 3.2836874
8.5030562 3.2837958
8.5139801 3.2839045
8.5246580 3.2840129
8.5351010 3.2841212
8.5453198 3.2842296
8.5553243 3.2843382
8.5651236 3.2844470
8.5747264 3.2845559
8.5841408 3.2846658
8.5933745 3.2847763
8.6024346 3.2848869
8.6113278 3.2849982
8.6200606 3.2851098
8.6286389 3.2852216
8.6370683 3.2853345
8.6453544 3.2854475
8.6535021 3.2855610
8.6615162 3.2856755
8.6694014 3.2857902
8.6771620 3.2859057
8.6848020 3.2860221
8.6923255 3.2861388
8.6997362 3.2862551
8.7070376 3.2863714
8.7142330 3.2864879
8.7213259 3.2866038
8.7283192 3.2867199
8.7352159 3.2868362
8.7420188 3.2869527
8.7487306 3.2870694
8.7553540 3.2871862
8.7618913 3.2873031
8.7683451 3.2874201
8.7747174 3.2875376
8.7810106 3.2876552
8.7872268 3.2877730
8.7933679 3.2878908
8.7994359 3.2880087
8.8054327 3.2881270
8.8113601 3.2882455
8.8172197 3.2883642
8.8230133 3.2884831
8.8287425 3.2886022
8.8344088 3.2887215
8.8400137 3.2888407
8.8455586 3.2889602
8.8510449 3.2890800
8.8564741 3.2892001
8.8618473 3.2893204
8.8671658 3.2894406
8.8724309 3.2895610
8.8776436 3.2896813
8.8828052 3.2898013
8.8879168 3.2899216
8.8929794 3.2900422
8.8979939 3.2901631
8.9029616 3.2902844
8.9078832 3.2904065
8.9127597 3.2905287
8.9175921 3.2906541
8.9223812 3.2907804
8.9271279 3.2909071
8.9318331 3.2910341
8.9364974 3.2911613
8.9411217 3.2912889
8.9457068 3.2914167
8.9502534 3.2915450
8.9547622 3.2916743
8.9592340 3.2918038
8.9636693 3.2919340
8.9680689 3.2920646
8.9724334 3.2921955
8.9767635 3.2923268
8.9810596 3.2924583
8.9853226 3.2925901
8.9895528 3.2927223
8.9937509 3.2928538
8.9979175 3.2929846
9.0020530 3.2931155
9.0061580 3.2932460
9.0102330 3.2933768
9.0142785 3.2935078
9.0182949 3.2936392
9.0222829 3.2937709
9.0262427 3.2939029
9.0301749 3.2940352
9.0340799 3.2941673
9.0379581 3.2942997
9.0418099 3.2944319
9.0456359 3.2945641
9.0494362 3.2946965
9.0532115 3.2948293
9.0569619 3.2949623
9.0606880 3.2950957
9.0643900 3.2952294
9.0680684 3.2953634
9.0717234 3.2954977
9.0753554 3.2956327
9.0789648 3.2957696
9.0825519 3.2959067
9.0861170 3.2960454
9.0896604 3.2961844
9.0931824 3.2963238
9.0966833 3.2964634
9.1001634 3.2966034
9.1036231 3.2967437
9.1070625 3.2968843
9.1104819 3.2970253
9.1138817 3.2971665
9.1172621 3.2973084
9.1206234 3.2974507
9.1239657 3.2975937
9.1272894 3.2977372
9.1305948 3.2978810
9.1338819 3.2980252
9.1371512 3.2981698
9.1404027 3.2983147
9.1436368 3.2984598
9.1468536 3.2986054
9.1500535 3.2987513
9.1532365 3.2988976
9.1564029 3.2990442
9.1595529 3.2991900
9.1626867 3.2993356
9.1658046 3.2994809
9.1689066 3.2996258
9.1719930 3.2997710
9.1750641 3.2999166
9.1781199 3.3000626
9.1811606 3.3002089
9.1841865 3.3003555
9.1871976 3.3005025
9.1901943 3.3006498
9.1931766 3.3007975
9.1961447 3.3009455
9.1990987 3.3010942
9.2020389 3.3012432
9.2049654 3.3013947
9.2078784 3.3015469
9.2107780 3.3016996
9.2136643 3.3018525
9.2165375 3.3020058
9.2193977 3.3021595
9.2222451 3.3023135
9.2250799 3.3024679
9.2279021 3.3026226
9.2307120 3.3027777
9.2335095 3.3029332
9.2362950 3.3030890
9.2390684 3.3032451
9.2418300 3.3034017
9.2445798 3.3035583
9.2473179 3.3037150
9.2500446 3.3038720
9.2527599 3.3040294
9.2554639 3.3041872
9.2581568 3.3043454
9.2608387 3.3045039
9.2635096 3.3046628
9.2661697 3.3048221
9.2688191 3.3049818
9.2714579 3.3051419
9.2740862 3.3053023
9.2767042 3.3054632
9.2793118 3.3056244
9.2819093 3.3057860
9.2844967 3.3059480
9.2870742 3.3061104
9.2896417 3.3062732
9.2921994 3.3064363
9.2947475 3.3065998
9.2972860 3.3067638
9.2998149 3.3069281
9.3023345 3.3070928
9.3048447 3.3072578
9.3073456 3.3074233
9.3098374 3.3075891
9.3123202 3.3077554
9.3147940 3.3079220
9.3172588 3.3080891
9.3197149 3.3082565
9.3221622 3.3084243
9.3246008 3.3085928
9.3270309 3.3087618
9.3294525 3.3089316
9.3318656 3.3091020
9.3342704 3.3092729
9.3366669 3.3094441
9.3390553 3.3096159
9.3414355 3.3097879
9.3438076 3.3099605
9.3461718 3.3101334
9.3485280 3.3103067
9.3508764 3.3104805
9.3532171 3.3106547
9.3555500 3.3108293
9.3578753 3.3110043
9.3601930 3.3111799
9.3625031 3.3113557
9.3648059 3.3115321
9.3671012 3.3117091
9.3693893 3.3118871
9.3716700 3.3120658
9.3739436 3.3122450
9.3762100 3.3124246
9.3784694 3.3126046
9.3807217 3.3127851
9.3829671 3.3129659
9.3852055 3.3131473
9.3874371 3.3133290
9.3896620 3.3135111
9.3918800 3.3136937
9.3940914 3.3138767
9.3962962 3.3140602
9.3984944 3.3142440
9.4006860 3.3144283
9.4028712 3.3146131
9.4050500 3.3147982
9.4072224 3.3149839
9.4093884 3.3151697
9.4115483 3.3153552
9.4137018 3.3155411
9.4158492 3.3157274
9.4179905 3.3159143
9.4201257 3.3161015
9.4222549 3.3162892
9.4243781 3.3164774
9.4264954 3.3166660
9.4286068 3.3168551
9.4307123 3.3170446
9.4328120 3.3172346
9.4349060 3.3174251
9.4369942 3.3176160
9.4390768 3.3178074
9.4411537 3.3179993
9.4432251 3.3181916
9.4452909 3.3183844
9.4473512 3.3185777
9.4494060 3.3187717
9.4514554 3.3189669
9.4534994 3.3191636
9.4555381 3.3193607
9.4575715 3.3195583
9.4595996 3.3197564
9.4616224 3.3199549
9.4636401 3.3201539
9.4656526 3.3203534
9.4676600 3.3205533
9.4696624 3.3207537
9.4716596 3.3209547
9.4736519 3.3211561
9.4756392 3.3213581
9.4776215 3.3215605
9.4795990 3.3217634
9.4815716 3.3219669
9.4835393 3.3221709
9.4855022 3.3223753
9.4874604 3.3225803
9.4894138 3.3227859
9.4913626 3.3229919
9.4933066 3.3231996
9.4952460 3.3234079
9.4971808 3.3236167
9.4991111 3.3238260
9.5010367 3.3240358
9.5029579 3.3242461
9.5048746 3.3244569
9.5067868 3.3246682
9.5086946 3.3248800
9.5105980 3.3250923
9.5124971 3.3253051
9.5143918 3.3255184
9.5162822 3.3257323
9.5181683 3.3259466
9.5200502 3.3261614
9.5219278 3.3263768
9.5238013 3.3265928
9.5256706 3.3268092
9.5275357 3.3270263
9.5293967 3.3272439
9.5312537 3.3274620
9.5331066 3.3276808
9.5349554 3.3279004
9.5368002 3.3281205
9.5386411 3.3283412
9.5404780 3.3285625
9.5423109 3.3287842
9.5441400 3.3290065
9.5459651 3.3292293
9.5477864 3.3294527
9.5496039 3.3296765
9.5514176 3.3299009
9.5532275 3.3301259
9.5550336 3.3303514
9.5568359 3.3305774
9.5586346 3.3308040
9.5604295 3.3310312
9.5622208 3.3312589
9.5640085 3.3314871
9.5657925 3.3317159
9.5675729 3.3319453
9.5693497 3.3321753
9.5711230 3.3324059
9.5728927 3.3326371
9.5746589 3.3328692
9.5764217 3.3331024
9.5781809 3.3333364
9.5799367 3.3335710
9.5816890 3.3338062
9.5834380 3.3340418
9.5851835 3.3342781
9.5869257 3.3345150
9.5886645 3.3347524
9.5904000 3.3349904
9.5921322 3.3352289
9.5938611 3.3354681
9.5955867 3.3357079
9.5973090 3.3359482
9.5990282 3.3361891
9.6007441 3.3364306
9.6024568 3.3366727
9.6041663 3.3369153
9.6058727 3.3371586
9.6075759 3.3374025
9.6092760 3.3376470
9.6109729 3.3378922
9.6126668 3.3381379
9.6143577 3.3383844
9.6160454 3.3386321
9.6177302 3.3388811
9.6194119 3.3391310
9.6210906 3.3393815
9.6227663 3.3396327
9.6244391 3.3398845
9.6261089 3.3401369
9.6277757 3.3403898
9.6294397 3.3406434
9.6311007 3.3408976
9.6327589 3.3411525
9.6344142 3.3414080
9.6360666 3.3416640
9.6377162 3.3419207
9.6393629 3.3421780
9.6410069 3.3424360
9.6426480 3.3426946
9.6442864 3.3429538
9.6459220 3.3432137
9.6475549 3.3434743
9.6491851 3.3437355
9.6508125 3.3439975
9.6524372 3.3442601
9.6540592 3.3445235
9.6556786 3.3447875
9.6572953 3.3450526
9.6589093 3.3453211
9.6605207 3.3455904
9.6621295 3.3458604
9.6637357 3.3461310
9.6653393 3.3464022
9.6669403 3.3466740
9.6685388 3.3469465
9.6701347 3.3472196
9.6717281 3.3474934
9.6733190 3.3477678
9.6749073 3.3480429
9.6764932 3.3483187
9.6780765 3.3485951
9.6796574 3.3488722
9.6812359 3.3491500
9.6828119 3.3494285
9.6843854 3.3497077
9.6859566 3.3499877
9.6875253 3.3502684
9.6890916 3.3505499
9.6906556 3.3508321
9.6922172 3.3511150
9.6937764 3.3513987
9.6953333 3.3516832
9.6968878 3.3519684
9.6984401 3.3522530
9.6999900 3.3525087
9.7015376 3.3527598
9.7030829 3.3530114
9.7046260 3.3532635
9.7061667 3.3535162
9.7077053 3.3537694
9.7092416 3.3540231
9.7107756 3.3542774
9.7123075 3.3545322
9.7138371 3.3547876
9.7153645 3.3550436
9.7168898 3.3553003
9.7184128 3.3555575
9.7199337 3.3558154
9.7214525 3.3560739
9.7229691 3.3563330
9.7244835 3.3565928
9.7259959 3.3568532
9.7275061 3.3571142
9.7290142 3.3573758
9.7305203 3.3576381
9.7320242 3.3579011
9.7335261 3.3581647
9.7350259 3.3584289
9.7365237 3.3586938
9.7380194 3.3589594
9.7395131 3.3592325
9.7410048 3.3595325
9.7424944 3.3598590
9.7439821 3.3601863
9.7454677 3.3605144
9.7469514 3.3608433
9.7484331 3.3611729
9.7499128 3.3615034
9.7513906 3.3618346
9.7528664 3.3621667
9.7543403 3.3624995
9.7558122 3.3628331
9.7572823 3.3631676
9.7587504 3.3635028
9.7602166 3.3638389
9.7616809 3.3641758
9.7631434 3.3645135
9.7646039 3.3648520
9.7660626 3.3651914
9.7675195 3.3655317
9.7689744 3.3658729
9.7704276 3.3662150
9.7718789 3.3665580
9.7733284 3.3669020
9.7747761 3.3672469
9.7762219 3.3675927
9.7776660 3.3679395
9.7791083 3.3682873
9.7805487 3.3686355
9.7819875 3.3689674
9.7834244 3.3692741
9.7848596 3.3695813
9.7862930 3.3698891
9.7877247 3.3701976
9.7891547 3.3705067
9.7905829 3.3708164
9.7920094 3.3711268
9.7934342 3.3714379
9.7948573 3.3717497
9.7962787 3.3720622
9.7976984 3.3723755
9.7991164 3.3726895
9.8005327 3.3730043
9.8019474 3.3733198
9.8033604 3.3736361
9.8047718 3.3739531
9.8061815 3.3742709
9.8075896 3.3745895
9.8089961 3.3749088
9.8104009 3.3752289
9.8118041 3.3755498
9.8132057 3.3758715
9.8146057 3.3761941
9.8160041 3.3765175
9.8174009 3.3768418
9.8187962 3.3771670
9.8201898 3.3774931
9.8215819 3.3778202
9.8229724 3.3781573
9.8243614 3.3785134
9.8257488 3.3788748
9.8271347 3.3792371
9.8285191 3.3796001
9.8299019 3.3799638
9.8312832 3.3803283
9.8326630 3.3806936
9.8340413 3.3810596
9.8354181 3.3814265
9.8367934 3.3817942
9.8381671 3.3821628
9.8395395 3.3825323
9.8409103 3.3829027
9.8422797 3.3832741
9.8436476 3.3836464
9.8450140 3.3840197
9.8463790 3.3843938
9.8477425 3.3847690
9.8491046 3.3851451
9.8504653 3.3855221
9.8518245 3.3859001
9.8531824 3.3862791
9.8545388 3.3866591
9.8558938 3.3870401
9.8572474 3.3874222
9.8585995 3.3878053
9.8599503 3.3881897
9.8612998 3.3885752
9.8626478 3.3889618
9.8639944 3.3893502
9.8653397 3.3897448
9.8666836 3.3901418
9.8680262 3.3905396
9.8693674 3.3909381
9.8707073 3.3913375
9.8720458 3.3917376
9.8733830 3.3921386
9.8747188 3.3925404
9.8760534 3.3929431
9.8773866 3.3933468
9.8787185 3.3937515
9.8800491 3.3941571
9.8813783 3.3945637
9.8827063 3.3949714
9.8840330 3.3953800
9.8853584 3.3957897
9.8866825 3.3962004
9.8880053 3.3966121
9.8893269 3.3970248
9.8906472 3.3974386
9.8919662 3.3978534
9.8932840 3.3982694
9.8946005 3.3986866
9.8959158 3.3991049
9.8972298 3.3995246
9.8985426 3.3999455
9.8998542 3.4003676
9.9011645 3.4007910
9.9024736 3.4012157
9.9037815 3.4016417
9.9050882 3.4020637
9.9063936 3.4024342
9.9076979 3.4028014
9.9090009 3.4031690
9.9103028 3.4035373
9.9116035 3.4039062
9.9129030 3.4042759
9.9142013 3.4046462
9.9154984 3.4050173
9.9167944 3.4053892
9.9180891 3.4057618
9.9193828 3.4061351
9.9206752 3.4065091
9.9219666 3.4068840
9.9232567 3.4072596
9.9245458 3.4076360
9.9258336 3.4080132
9.9271204 3.4083914
9.9284060 3.4087705
9.9296905 3.4091507
9.9309738 3.4095319
9.9322561 3.4099142
9.9335372 3.4102975
9.9348172 3.4106818
9.9360961 3.4110671
9.9373740 3.4114536
9.9386507 3.4118411
9.9399263 3.4122296
9.9412008 3.4126194
9.9424743 3.4130104
9.9437466 3.4134082
9.9450179 3.4138763
9.9462881 3.4143737
9.9475573 3.4148725
9.9488253 3.4153728
9.9500924 3.4158745
9.9513583 3.4163776
9.9526232 3.4168823
9.9538871 3.4173884
9.9551499 3.4178961
9.9564117 3.4184054
9.9576724 3.4189164
9.9589321 3.4194293
9.9601908 3.4199439
9.9614484 3.4204602
9.9627050 3.4209784
9.9639606 3.4214984
9.9652152 3.4220202
9.9664688 3.4225439
9.9677214 3.4230693
9.9689729 3.4235967
9.9702235 3.4241261
9.9714731 3.4246575
9.9727217 3.4251912
9.9739692 3.4257270
9.9752158 3.4262649
9.9764615 3.4268050
9.9777061 3.4273474
9.9789498 3.4278749
9.9801925 3.4283985
9.9814342 3.4289231
9.9826750 3.4294489
9.9839148 3.4299759
9.9851536 3.4305042
9.9863915 3.4310338
9.9876285 3.4315648
9.9888645 3.4320972
9.9900995 3.4326309
9.9913337 3.4331660
9.9925668 3.4337025
9.9937991 3.4342404
9.9950304 3.4347798
9.9962608 3.4353208
9.9974903 3.4358636
9.9987188 3.4364081
9.9999464 3.4369545
10.0011732 3.4375026
10.0023990 3.4380525
10.0036239 3.4386042
10.0048479 3.4391579
10.0060710 3.4397133
10.0072932 3.4402690
10.0085145 3.4407693
10.0097349 3.4412565
10.0109544 3.4417445
10.0121731 3.4422334
10.0133908 3.4427230
10.0146077 3.4432134
10.0158237 3.4437047
10.0170389 3.4441969
10.0182531 3.4446899
10.0194666 3.4451840
10.0206791 3.4456793
10.0218908 3.4461758
10.0231016 3.4466736
10.0243116 3.4471727
10.0255207 3.4476732
10.0267290 3.4481750
10.0279364 3.4486781
10.0291430 3.4491827
10.0303487 3.4496888
10.0315536 3.4501965
10.0327577 3.4507061
10.0339609 3.4512175
10.0351633 3.4517519
10.0363649 3.4523962
10.0375657 3.4530540
10.0387657 3.4537133
10.0399648 3.4543740
10.0411631 3.4550365
10.0423606 3.4557007
10.0435573 3.4563670
10.0447532 3.4570352
10.0459483 3.4577054
10.0471426 3.4583777
10.0483361 3.4590520
10.0495288 3.4597284
10.0507207 3.4604069
10.0519118 3.4610877
10.0531022 3.4617711
10.0542917 3.4624570
10.0554805 3.4631457
10.0566685 3.4638369
10.0578557 3.4645308
10.0590422 3.4652274
10.0602278 3.4659267
10.0614127 3.4665914
10.0625969 3.4672524
10.0637803 3.4679149
10.0649629 3.4685788
10.0661448 3.4692442
10.0673259 3.4699112
10.0685062 3.4705797
10.0696858 3.4712498
10.0708647 3.4719216
10.0720428 3.4725955
10.0732202 3.4732716
10.0743968 3.4739498
10.0755727 3.4746303
10.0767478 3.4753130
10.0779223 3.4759979
10.0790960 3.4766853
10.0802689 3.4773751
10.0814412 3.4780677
10.0826127 3.4787634
10.0837835 3.4794607
10.0849536 3.4801585
10.0861229 3.4808574
10.0872916 3.4815576
10.0884595 3.4822592
10.0896268 3.4829623
10.0907933 3.4836674
10.0919591 3.4843744
10.0931242 3.4850834
10.0942887 3.4857944
10.0954524 3.4865074
10.0966154 3.4872225
10.0977778 3.4879399
10.0989394 3.4886602
10.1001004 3.4893832
10.1012606 3.4901090
10.1024202 3.4908378
10.1035791 3.4915694
10.1047374 3.4923130
10.1058949 3.4930629
10.1070518 3.4938143
10.1082080 3.4945672
10.1093635 3.4953218
10.1105184 3.4960779
10.1116726 3.4968357
10.1128261 3.4975952
10.1139790 3.4983568
10.1151312 3.4991207
10.1162828 3.4998873
10.1174337 3.5006565
10.1185839 3.5014282
10.1197335 3.5022027
10.1208825 3.5029799
10.1220308 3.5037604
10.1231784 3.5045480
10.1243254 3.5053499
10.1254718 3.5061529
10.1266175 3.5069572
10.1277626 3.5077627
10.1289071 3.5085696
10.1300509 3.5093786
10.1311941 3.5101898
10.1323367 3.5110033
10.1334786 3.5118191
10.1346200 3.5126373
10.1357607 3.5134579
10.1369007 3.5142816
10.1380402 3.5151087
10.1391790 3.5159393
10.1403173 3.5167753
10.1414549 3.5176279
10.1425919 3.5184822
10.1437283 3.5193377
10.1448641 3.5201949
10.1459992 3.5210538
10.1471338 3.5219146
10.1482678 3.5227773
10.1494012 3.5236420
10.1505339 3.5245092
10.1516661 3.5253795
10.1527977 3.5262529
10.1539287 3.5271296
10.1550591 3.5280096
10.1561889 3.5288946
10.1573182 3.5298011
10.1584468 3.5307098
10.1595749 3.5316196
10.1607023 3.5325306
10.1618293 3.5334428
10.1629556 3.5343567
10.1640813 3.5352728
10.1652065 3.5361916
10.1663311 3.5371131
10.1674551 3.5380374
10.1685786 3.5389646
10.1697015 3.5398953
10.1708238 3.5408321
10.1719456 3.5417918
10.1730668 3.5427535
10.1741875 3.5437157
10.1753075 3.5446788
10.1764271 3.5456436
10.1775461 3.5466105
10.1786645 3.5475797
10.1797824 3.5485511
10.1808997 3.5495250
10.1820165 3.5505023
10.1831327 3.5514835
10.1842484 3.5524687
10.1853635 3.5534798
10.1864781 3.5544932
10.1875922 3.5555071
10.1887057 3.5565223
10.1898187 3.5575390
10.1909311 3.5585572
10.1920431 3.5595772
10.1931544 3.5605998
10.1942653 3.5616258
10.1953756 3.5626554
10.1964854 3.5636887
10.1975947 3.5647443
10.1987035 3.5658122
10.1998117 3.5668803
10.2009194 3.5679487
10.2020266 3.5690177
10.2031333 3.5700876
10.2042394 3.5711598
10.2053451 3.5722348
10.2064502 3.5733125
10.2075548 3.5743932
10.2086589 3.5754812
10.2097625 3.5765994
10.2108656 3.5777169
10.2119682 3.5788337
10.2130703 3.5799503
10.2141719 3.5810681
10.2152730 3.5821879
10.2163736 3.5833097
10.2174737 3.5844336
10.2185733 3.5855610
10.2196724 3.5867034
10.2207710 3.5878713
10.2218691 3.5890371
10.2229667 3.5902018
10.2240639 3.5913669
10.2251605 3.5925329
10.2262567 3.5937000
10.2273523 3.5948686
10.2284475 3.5960406
10.2295423 3.5972295
10.2306365 3.5985499
10.2317302 3.5998681
10.2328235 3.6011861
10.2339163 3.6025046
10.2350087 3.6038240
10.2361005 3.6051447
10.2371919 3.6064686
10.2382828 3.6077968
10.2393733 3.6090618
10.2404632 3.6102433
10.2415527 3.6114207
10.2426418 3.6125949
10.2437304 3.6137662
10.2448185 3.6149356
10.2459062 3.6161053
10.2469934 3.6172759
10.2480801 3.6185194
10.2491664 3.6198899
10.2502522 3.6212570
10.2513376 3.6226211
10.2524225 3.6239829
10.2535070 3.6253443
10.2545910 3.6267072
10.2556746 3.6280718
10.2567577 3.6294344
10.2578404 3.6307901
10.2589226 3.6321396
10.2600044 3.6334832
10.2610858 3.6348235
10.2621667 3.6361624
10.2632472 3.6375004
10.2643272 3.6388616
10.2654068 3.6402298
10.2664860 3.6415888
10.2675647 3.6429392
10.2686430 3.6442845
10.2697208 3.6456262
10.2707983 3.6469646
10.2718753 3.6483553
10.2729518 3.6497402
10.2740280 3.6511126
10.2751037 3.6524751
10.2761790 3.6538312
10.2772538 3.6551811
10.2783283 3.6565689
10.2794023 3.6579765
10.2804759 3.6593685
10.2815491 3.6607469
10.2826219 3.6621162
10.2836942 3.6634771
10.2847662 3.6648787
10.2858377 3.6662969
10.2869088 3.6676967
10.2879795 3.6690802
10.2890498 3.6704523
10.2901197 3.6718190
10.2911891 3.6734560
10.2922582 3.6750943
10.2933269 3.6767128
10.2943951 3.6783161
10.2954630 3.6799078
10.2965304 3.6814819
10.2975975 3.6830278
10.2986641 3.6845476
10.2997304 3.6860437
10.3007962 3.6875220
10.3018617 3.6890522
10.3029267 3.6906029
10.3039914 3.6921223
10.3050556 3.6936118
10.3061195 3.6950781
10.3071830 3.6966288
10.3082461 3.6981666
10.3093088 3.6996686
10.3103711 3.7011361
10.3114331 3.7026032
10.3124946 3.7040917
10.3135558 3.7055460
10.3146166 3.7069731
10.3156770 3.7083290
10.3167370 3.7095790
10.3177966 3.7108374
10.3188559 3.7121784
10.3199147 3.7136789
10.3209732 3.7153234
10.3220314 3.7171385
10.3230891 3.7190492
10.3241465 3.7209021
10.3252035 3.7227157
10.3262601 3.7245167
10.3273164 3.7263268
10.3283723 3.7280824
10.3294278 3.7298841
10.3304830 3.7316585
10.3315378 3.7334389
10.3325922 3.7352254
10.3336462 3.7369999
10.3346999 3.7387771
10.3357533 3.7405412
10.3368062 3.7422834
10.3378588 3.7440321
10.3389111 3.7457408
10.3399630 3.7474456
10.3410145 3.7491210
10.3420657 3.7507823
10.3431165 3.7523820
10.3441670 3.7539726
10.3452171 3.7554953
10.3462668 3.7570058
10.3473162 3.7584228
10.3483653 3.7598126
10.3494140 3.7611176
10.3504624 3.7623467
10.3515104 3.7635101
10.3525580 3.7645491
10.3536053 3.7655252
10.3546523 3.7663618
10.3556989 3.7671006
10.3567452 3.7677152
10.3577912 3.7681742
10.3588368 3.7685066
10.3598820 3.7686847
10.3609269 3.7686869
10.3619715 3.7685409
10.3630158 3.7682037
10.3640597 3.7676790
10.3651032 3.7669697
10.3661465 3.7660570
10.3671894 3.7649348
10.3682319 3.7637388
10.3692742 3.7620537
10.3703161 3.7600061
10.3713577 3.7577217
10.3723989 3.7551812
10.3734398 3.7523560
10.3744804 3.7492353
10.3755207 3.7458110
10.3765606 3.7420759
10.3776002 3.7380128
10.3786395 3.7336137
10.3796785 3.7288584
10.3807171 3.7237294
10.3817554 3.7182201
10.3827934 3.7123269
10.3838311 3.7060455
10.3848685 3.6993860
10.3859055 3.6923572
10.3869422 3.6852638
10.3879786 3.6779773
10.3890147 3.6706388
10.3900505 3.6634183
10.3910860 3.6565010
10.3921211 3.6500265
10.3931560 3.6440635
10.3941905 3.6386553
10.3952247 3.6340375
10.3962586 3.6310471
10.3972922 3.6311465
10.3983255 3.6347872
10.4983255 3.6347872
end of tlaw #last point added to prevent roundoff
save heating ".heat" last
set WeakHeatCool 0.01 #for .heat and .cool output files
save species densities last ".den"
"He[:43]"
end
save species energies last ".en"
"He[:43]"
end