Title: Outflowing helium from a mature mini-Neptune 
Authors: Zhang M., Dai F., Bean J.L., Knutson H.A., Rescigno F. 
Table: Data behind Figure 2 (left panel): average in-transit excess
    absorption in the planet rest frame
================================================================================
Byte-by-byte Description of file: dbf2.txt
--------------------------------------------------------------------------------
   Bytes Format Units    Label   Explanations
--------------------------------------------------------------------------------
   1-  9 F9.3   10-10m   wave    Wavelength, Angstroms
  11- 17 F7.4   %        excess  Average in-transit excess absorption in the planet rest frame
  19- 24 F6.4   %      e_excess  Uncertainty in excess
--------------------------------------------------------------------------------
10826.030  0.0210 0.0473 
10826.129 -0.0238 0.0472 
10826.227 -0.0340 0.0471 
10826.326 -0.0398 0.0471 
10826.424 -0.0123 0.0470 
10826.522 -0.0048 0.0469 
10826.621 -0.0156 0.0469 
10826.719  0.0308 0.0469 
10826.818  0.0500 0.0468 
10826.916  0.0381 0.0467 
10827.015  0.0489 0.0465 
10827.113  0.0408 0.0463 
10827.211  0.0056 0.0463 
10827.310 -0.0136 0.0462 
10827.408 -0.0285 0.0461 
10827.507 -0.0349 0.0459 
10827.605 -0.0529 0.0459 
10827.704 -0.0041 0.0459 
10827.802 -0.0249 0.0460 
10827.900 -0.0568 0.0460 
10827.999 -0.0111 0.0460 
10828.097 -0.0113 0.0460 
10828.196 -0.0058 0.0461 
10828.294  0.0258 0.0461 
10828.393 -0.0295 0.0460 
10828.491 -0.0414 0.0462 
10828.590 -0.0163 0.0462 
10828.688 -0.0220 0.0463 
10828.786 -0.0238 0.0466 
10828.885  0.0112 0.0465 
10828.983  0.0632 0.0468 
10829.082 -0.0169 0.0471 
10829.180 -0.0359 0.0476 
10829.279  0.0017 0.0480 
10829.377 -0.0652 0.0486 
10829.476 -0.1516 0.0495 
10829.574 -0.1790 0.0512 
10829.672 -0.1407 0.0532 
10829.771 -0.0897 0.0621 
10829.869 -0.0479 0.0696 
10829.968  0.0241 0.1042 
10830.066                
10830.165  0.1003 0.1100 
10830.263  0.2182 0.0857 
10830.362  0.1525 0.0799 
10830.460  0.0330 0.0682 
10830.559 -0.0301 0.0514 
10830.657 -0.0331 0.0501 
10830.755  0.0220 0.0490 
10830.854 -0.0515 0.0482 
10830.952 -0.0320 0.0477 
10831.051 -0.0118 0.0472 
10831.149 -0.0655 0.0469 
10831.248 -0.1142 0.0466 
10831.346 -0.0578 0.0464 
10831.445 -0.0078 0.0463 
10831.543 -0.0294 0.0463 
10831.642 -0.0028 0.0462 
10831.740 -0.0021 0.0462 
10831.839  0.0408 0.0462 
10831.937  0.0179 0.0461 
10832.036  0.0239 0.0461 
10832.134  0.0273 0.0462 
10832.232  0.0573 0.0461 
10832.331  0.1118 0.0458 
10832.429  0.1294 0.0456 
10832.528  0.0772 0.0456 
10832.626 -0.0223 0.0455 
10832.725  0.0510 0.0457 
10832.823  0.1088 0.0461 
10832.922  0.1307 0.0469 
10833.020  0.1933 0.0479 
10833.119  0.2190 0.0489 
10833.217  0.3248 0.0495 
10833.316  0.3583 0.0497 
10833.414  0.3537 0.0496 
10833.513  0.3766 0.0492 
10833.611  0.3218 0.0482 
10833.710  0.2622 0.0470 
10833.808  0.2210 0.0460 
10833.907  0.1141 0.0453 
10834.005  0.0731 0.0446 
10834.104  0.0365 0.0444 
10834.202  0.0134 0.0443 
10834.301  0.0498 0.0441 
10834.399  0.0782 0.0439 
10834.498  0.0870 0.0438 
10834.596  0.0436 0.0440 
10834.695  0.0110 0.0439 
10834.793 -0.0188 0.0441 
10834.892 -0.0420 0.0443 
10834.990 -0.0280 0.0446 
10835.089 -0.0440 0.0447 
10835.187 -0.0570 0.0446 
10835.286 -0.0589 0.0444 
10835.384 -0.0271 0.0438 
10835.483 -0.0230 0.0528 
10835.581 -0.0464 0.0562 
10835.680 -0.0147 0.0790 
10835.778                
10835.877 -0.0006 0.0808 
10835.975  0.0200 0.0696 
10836.074  0.0525 0.0680 
10836.172  0.0337 0.0546 
10836.271 -0.0619 0.0437 
10836.369 -0.0986 0.0438 
10836.468  0.0112 0.0441 
10836.566  0.0650 0.0440 
10836.665  0.0646 0.0438 
10836.763 -0.0146 0.0436 
10836.862 -0.0526 0.0429 
10836.960 -0.0119 0.0426 
10837.059 -0.0346 0.0425 
10837.157 -0.0145 0.0425 
10837.256 -0.0207 0.0426 
10837.354 -0.0658 0.0428 
10837.453 -0.0876 0.0435 
10837.551 -0.1081 0.0442 
10837.650 -0.0398 0.0537 
10837.748 -0.0849 0.0599 
10837.847 -0.0942 0.0863 
10837.946                
10838.044  0.0371 0.0868 
10838.143  0.0380 0.0689 
10838.241  0.0141 0.0656 
10838.340 -0.0495 0.0558 
10838.438  0.0095 0.0431 
10838.537 -0.0171 0.0424 
10838.635 -0.0087 0.0422 
10838.734  0.0033 0.0420 
10838.832 -0.0457 0.0417 
10838.931 -0.0562 0.0415 
10839.029 -0.0719 0.0416 
10839.128 -0.0910 0.0415 
10839.226 -0.0705 0.0415 
10839.325 -0.0454 0.0416 
10839.424 -0.0337 0.0413 
10839.522  0.0533 0.0411 
10839.621  0.0410 0.0412 
10839.719  0.0094 0.0413 
10839.818  0.0534 0.0413 
10839.916  0.0591 0.0413 
