1.083000000000000000e+04 -4.996465186025145222e-01 2.500000000000000000e-01
1.083013537499999984e+04 -1.586727342023919185e-01 2.500000000000000000e-01
1.083027075169218733e+04 -3.033179281370257385e-01 2.500000000000000000e-01
1.083040613007658430e+04 -6.188567319109439246e-01 2.500000000000000000e-01
1.083054151015321077e+04 -5.255229296480812273e-01 2.500000000000000000e-01
1.083067689192208854e+04 1.856860378585123428e-01 2.500000000000000000e-01
1.083081227538323765e+04 -2.961555364919821187e-01 2.500000000000000000e-01
1.083094766053667990e+04 -2.079413003616137345e-02 2.500000000000000000e-01
1.083108304738243714e+04 -3.282598297759120598e-02 2.500000000000000000e-01
1.083121843592052937e+04 -1.612792223803394265e-01 2.500000000000000000e-01
1.083135382615097842e+04 -9.463691740063673308e-02 2.500000000000000000e-01
1.083148921807380611e+04 -4.216371268398577676e-01 2.500000000000000000e-01
1.083162461168903246e+04 -2.316897446202004218e-01 2.500000000000000000e-01
1.083176000699667929e+04 1.977473757867054260e-02 2.500000000000000000e-01
1.083189540399676662e+04 1.539322621502581256e-01 2.500000000000000000e-01
1.083203080268931626e+04 3.705327153048831867e-01 2.500000000000000000e-01
1.083216620307435005e+04 -1.241961656767154309e-02 2.500000000000000000e-01
1.083230160515188800e+04 1.721256377699265094e-01 2.500000000000000000e-01
1.083243700892195193e+04 -9.640150123985113950e-02 2.500000000000000000e-01
1.083257241438456367e+04 1.578163441608770867e-01 2.500000000000000000e-01
1.083270782153974324e+04 5.904235678431013490e-01 2.500000000000000000e-01
1.083284323038751245e+04 -4.534387589542054897e-02 2.500000000000000000e-01
1.083297864092789314e+04 5.945410242388371458e-01 2.500000000000000000e-01
1.083311405316090531e+04 2.066934926637276071e+00 2.500000000000000000e-01
1.083324946708656898e+04 1.883781047137722542e+00 2.500000000000000000e-01
1.083338488270490780e+04 2.536167961092317125e+00 2.500000000000000000e-01
1.083352030001594176e+04 1.171914845139632178e+00 2.500000000000000000e-01
1.083365571901969270e+04 3.256082161032902711e-01 2.500000000000000000e-01
1.083379113971618062e+04 -4.108551269034532716e-01 2.500000000000000000e-01
1.083392656210542737e+04 -4.255109822117408847e-01 2.500000000000000000e-01
1.083406198618745293e+04 -9.733395148476819969e-02 2.500000000000000000e-01
1.083419741196228097e+04 -1.531492290915870136e-01 2.500000000000000000e-01
1.083433283942992966e+04 1.633252243261607006e-01 2.500000000000000000e-01
1.083446826859042267e+04 4.365656849453891653e-01 2.500000000000000000e-01
1.083460369944377999e+04 2.834460522095350044e-02 2.500000000000000000e-01
1.083473913199002345e+04 -9.772067438658105232e-02 2.500000000000000000e-01
1.083487456622917307e+04 -3.662061022925100495e-01 2.500000000000000000e-01
1.083501000216125067e+04 -3.592283943066987284e-01 2.500000000000000000e-01
1.083514543978627808e+04 3.819827224139649147e-02 2.500000000000000000e-01
1.083528087910427530e+04 1.694225553324768541e-02 2.500000000000000000e-01
1.083541632011526417e+04 2.035048091561852956e-01 2.500000000000000000e-01
1.083555176281926651e+04 2.963710521841522727e-01 2.500000000000000000e-01
1.083568720721630234e+04 3.679341155456650192e-01 2.500000000000000000e-01
1.083582265330639166e+04 -5.463272809185348855e-01 2.500000000000000000e-01
1.083595810108955811e+04 6.877961332732995814e-02 2.500000000000000000e-01
