# plname=hotNeptune
# parker_T=5100
# parker_Mdot=10.950
# parker_dir=z_1
# altmax=8
title hotNeptune 1D Parker with T=5100 and log(Mdot)=10.950
# ========= input spectrum ================
nuF(nu) = 3.002440894262984 at 0.0009465082313958337 Ryd
table SED "solar.spec"
cosmic rays background
# ========= chemistry      ================
# solar abundances and metallicity is standard
# ========= other          ================
set nend 3000   #models at high density need >1400 zones
set temperature floor 5 linear
stop temperature off     #otherwise it stops at 1e4 K
iterate to convergence
print last iteration
stop thickness 10.3983255	#last dlaw point
double optical depths    #so radiation does not escape into planet core freely
# ========= output         ================
save overview ".ovr" last
save cooling ".cool" last
# ========= density law    ================
#depth sets distances from edge of cloud
dlaw table depth
-35.0000000 6.4753650
3.0207209 6.4753650
3.0571029 6.4753651
3.5664514 6.4753651
3.6028334 6.4753652
3.7847436 6.4753652
3.8211257 6.4753653
3.9302718 6.4753653
3.9666538 6.4753654
4.0394179 6.4753654
4.0757999 6.4753655
4.1485640 6.4753655
4.1849460 6.4753656
4.2213280 6.4753656
4.2577101 6.4753657
4.2940921 6.4753657
4.3304742 6.4753658
4.3668562 6.4753659
4.4032382 6.4753660
4.4396203 6.4753660
4.4760023 6.4753661
4.5123843 6.4753662
4.5487664 6.4753663
4.5851484 6.4753665
4.6215304 6.4753666
4.6579125 6.4753667
4.6942945 6.4753669
4.7306765 6.4753670
4.7670586 6.4753672
4.8034406 6.4753674
4.8398226 6.4753676
4.8762047 6.4753678
4.9125867 6.4753681
4.9489688 6.4753683
4.9853508 6.4753686
5.0217328 6.4753690
5.0581149 6.4753693
5.0944969 6.4753697
5.1308789 6.4753701
5.1672610 6.4753705
5.2036430 6.4753710
5.2400250 6.4753715
5.2764071 6.4753721
5.3127891 6.4753727
5.3491711 6.4753734
5.3855532 6.4753741
5.4219352 6.4753749
5.4583173 6.4753758
5.4946993 6.4753767
5.5310813 6.4753777
5.5674634 6.4753789
5.6038454 6.4753801
5.6402274 6.4753814
5.6766095 6.4753828
5.7129915 6.4753844
5.7493735 6.4753861
5.7857556 6.4753879
5.8221376 6.4753899
5.8585196 6.4753921
5.8949017 6.4753944
5.9312837 6.4753970
5.9676657 6.4753998
6.0040478 6.4754029
6.0404298 6.4754062
6.0768119 6.4754098
6.1131939 6.4754137
6.1495759 6.4754179
6.1859580 6.4754225
6.2223400 6.4754276
6.2587220 6.4754330
6.2951041 6.4754390
6.3314861 6.4754454
6.3678681 6.4754525
6.4042502 6.4754601
6.4406322 6.4754684
6.4770142 6.4754775
6.5133963 6.4754873
6.5497783 6.4754980
6.5861603 6.4755096
6.6225424 6.4755222
6.6589244 6.4755359
6.6953065 6.4755509
6.7316885 6.4755671
6.7680705 6.4755848
6.8044526 6.4756040
6.8408346 6.4756248
6.8772166 6.4756475
6.9135987 6.4756722
6.9499807 6.4756991
6.9863627 6.4757282
7.0227448 6.4757600
7.0591268 6.4757945
7.0955088 6.4758320
7.1318909 6.4758727
7.1682729 6.4759171
7.2046549 6.4759653
7.2410370 6.4760177
7.2774190 6.4760747
7.3138011 6.4761366
7.3501831 6.4762040
7.3865651 6.4762772
7.4229472 6.4763569
7.4593292 6.4764434
7.4957112 6.4765375
7.5320933 6.4766398
7.5684753 6.4767511
7.6048573 6.4768720
7.6412394 6.4770034
7.6776214 6.4771463
7.7140034 6.4773016
7.7503855 6.4774704
7.7867675 6.4776625
7.8231495 6.4778732
7.8595316 6.4781023
7.8959136 6.4783512
7.9322957 6.4786217
7.9686777 6.4789156
8.0050597 6.4792350
8.0414418 6.4795821
8.0778238 6.4799591
8.1142058 6.4803688
8.1505879 6.4808138
8.1869699 6.4812971
8.2233519 6.4818221
8.2597340 6.4823923
8.2961160 6.4830114
8.3324980 6.4836836
8.3688801 6.4844133
8.4052621 6.4852055
8.4416442 6.4860652
8.4780262 6.4869982
8.5144082 6.4880103
8.5507903 6.4891083
8.5871723 6.4902991
8.6235543 6.4915902
8.6599364 6.4929898
8.6963184 6.4945355
8.7327004 6.4962719
8.7690825 6.4981523
8.8054645 6.5001877
8.8418465 6.5023902
8.8782286 6.5047726
8.9233431 6.5079970
8.9640932 6.5112257
9.0012394 6.5145631
9.0353596 6.5178653
9.0669026 6.5211329
9.0962245 6.5243665
9.1236122 6.5275934
9.1493004 6.5309407
9.1734836 6.5342525
9.1963246 6.5375296
9.2179613 6.5407725
9.2385112 6.5439976
9.2580754 6.5473549
9.2767418 6.5506765
9.2945868 6.5539632
9.3116774 6.5572156
9.3280729 6.5604390
9.3438258 6.5638064
9.3589829 6.5671380
9.3735860 6.5704344
9.3876727 6.5736964
9.4012770 6.5769244
9.4144293 6.5802958
9.4271577 6.5836375
9.4394874 6.5869439
9.4514416 6.5902156
9.4630415 6.5934532
9.4743064 6.5968238
9.4852543 6.6001758
9.4959016 6.6034923
9.5062637 6.6067739
9.5163545 6.6100212
9.5261873 6.6133911
9.5357741 6.6167535
9.5451262 6.6200802
9.5542543 6.6233719
9.5631682 6.6266291
9.5718771 6.6299983
9.5803897 6.6333713
9.5887141 6.6367084
9.5968579 6.6400103
9.6048283 6.6432775
9.6126319 6.6466461
9.6202753 6.6500299
9.6277643 6.6533776
9.6351047 6.6566898
9.6423018 6.6599673
9.6493608 6.6633353
9.6562863 6.6667300
9.6630831 6.6700885
9.6697554 6.6734112
9.6763073 6.6766991
9.6827429 6.6800666
9.6890658 6.6834724
9.6952795 6.6868418
9.7013876 6.6901753
9.7073931 6.6934736
9.7132993 6.6968406
9.7191090 6.7002578
9.7248251 6.7036383
9.7304503 6.7069827
9.7359872 6.7102917
9.7414383 6.7136583
9.7468059 6.7170870
9.7520922 6.7204787
9.7572996 6.7238342
9.7624302 6.7271541
9.7674858 6.7305204
9.7724685 6.7339607
9.7773801 6.7373640
9.7822224 6.7407307
9.7869972 6.7440617
9.7917062 6.7474276
9.7963508 6.7508799
9.8009327 6.7542948
9.8054534 6.7576730
9.8099143 6.7610152
9.8143168 6.7643809
9.8186622 6.7678452
9.8229519 6.7712720
9.8271870 6.7746619
9.8313689 6.7780155
9.8354986 6.7813810
9.8395773 6.7848576
9.8436062 6.7882965
9.8475862 6.7916982
9.8515183 6.7950635
9.8554037 6.7984288
9.8592433 6.8019180
9.8630379 6.8053691
9.8667885 6.8087829
9.8704961 6.8121600
9.8741613 6.8155252
9.8777852 6.8190271
9.8813684 6.8224908
9.8849118 6.8259168
9.8884161 6.8293060
9.8918821 6.8326711
9.8953104 6.8361860
9.8987019 6.8396624
9.9020571 6.8431009
9.9053767 6.8465023
9.9086614 6.8498674
9.9119118 6.8533955
9.9151285 6.8568848
9.9183121 6.8603361
9.9214632 6.8637500
9.9245824 6.8671273
9.9276701 6.8706567
9.9307269 6.8741592
9.9337534 6.8776234
9.9367501 6.8810500
9.9397174 6.8844397
9.9426558 6.8879704
9.9455659 6.8914863
9.9484480 6.8949637
9.9513026 6.8984032
9.9541302 6.9018056
9.9569312 6.9053378
9.9597061 6.9088674
9.9624551 6.9123581
9.9651787 6.9158108
9.9678774 6.9192261
9.9705514 6.9227598
9.9732013 6.9263032
9.9758272 6.9298077
9.9784296 6.9332737
9.9810089 6.9367022
9.9835654 6.9402374
9.9860993 6.9437951
9.9886111 6.9473134
9.9911011 6.9507931
9.9935695 6.9542350
9.9960167 6.9577718
9.9984430 6.9613440
10.0008487 6.9648764
10.0032340 6.9683701
10.0055993 6.9718255
10.0079448 6.9753642
10.0102707 6.9789510
10.0125775 6.9824979
10.0148652 6.9860057
10.0171342 6.9894750
10.0193848 6.9930155
10.0216171 6.9966173
10.0238314 7.0001789
10.0260279 7.0037011
10.0282069 7.0071846
10.0303686 7.0107270
10.0325132 7.0143441
10.0346410 7.0179207
10.0367521 7.0214575
10.0388468 7.0249555
10.0409253 7.0284999
10.0429877 7.0321325
10.0450343 7.0357244
10.0470652 7.0392762
10.0490807 7.0427889
10.0510810 7.0463353
10.0530662 7.0499839
10.0550364 7.0535913
10.0569920 7.0571584
10.0589331 7.0606860
10.0608597 7.0642347
10.0627722 7.0678994
10.0646707 7.0715227
10.0665553 7.0751054
10.0684262 7.0786483
10.0702835 7.0821992
10.0721274 7.0858804
10.0739581 7.0895199
10.0757758 7.0931185
10.0775804 7.0966769
10.0793723 7.1002302
10.0811516 7.1039282
10.0829183 7.1075842
10.0846726 7.1111990
10.0864147 7.1147733
10.0881447 7.1183290
10.0898627 7.1220442
10.0915689 7.1257171
10.0932634 7.1293483
10.0949463 7.1329388
10.0966177 7.1364971
10.0982778 7.1402298
10.0999266 7.1439198
10.1015644 7.1475679
10.1031911 7.1511749
10.1048070 7.1547416
10.1064121 7.1584865
10.1080065 7.1621940
10.1095905 7.1658592
10.1111639 7.1694831
10.1127271 7.1730663
10.1142800 7.1768156
10.1158228 7.1805410
10.1173556 7.1842238
10.1188785 7.1878648
10.1203915 7.1914649
10.1218948 7.1952188
10.1233885 7.1989624
10.1248727 7.2026631
10.1263474 7.2063216
10.1278128 7.2099389
10.1292689 7.2136976
10.1307158 7.2174598
10.1321537 7.2211788
10.1335825 7.2248552
10.1350025 7.2284900
10.1364136 7.2322535
10.1378160 7.2360348
10.1392097 7.2397724
10.1405949 7.2434671
10.1419715 7.2471198
10.1433398 7.2508884
10.1446997 7.2546891
10.1460513 7.2584457
10.1473947 7.2621590
10.1487300 7.2658300
10.1500573 7.2696038
10.1513766 7.2734243
10.1526880 7.2772003
10.1539916 7.2809327
10.1552874 7.2846224
10.1565756 7.2884014
10.1578561 7.2922422
10.1591291 7.2960381
10.1603946 7.2997900
10.1616526 7.3034987
10.1629033 7.3072832
10.1641468 7.3111447
10.1653830 7.3149608
10.1666120 7.3187326
10.1678339 7.3224608
10.1690488 7.3262508
10.1702567 7.3301335
10.1714577 7.3339704
10.1726518 7.3377624
10.1738391 7.3415105
10.1750196 7.3453063
10.1761935 7.3492106
10.1773607 7.3530686
10.1785214 7.3568814
10.1796755 7.3606498
10.1808231 7.3644515
10.1819644 7.3683779
10.1830992 7.3722575
10.1842277 7.3760915
10.1853500 7.3798806
10.1864661 7.3836884
10.1875760 7.3876374
10.1886798 7.3915392
10.1897775 7.3953948
10.1908692 7.3992051
10.1919549 7.4030192
10.1930347 7.4069912
10.1941087 7.4109156
10.1951768 7.4147933
10.1962391 7.4186254
10.1972957 7.4224458
10.1983466 7.4264414
10.1993919 7.4303889
10.2004315 7.4342893
10.2014656 7.4381435
10.2024942 7.4419704
10.2035173 7.4459902
10.2045350 7.4499614
10.2055473 7.4538849
10.2065542 7.4577618
10.2075558 7.4615954
10.2085521 7.4656399
10.2095433 7.4696352
10.2105292 7.4735824
10.2115100 7.4774825
10.2124856 7.4813365
10.2134562 7.4853927
10.2144218 7.4894127
10.2153823 7.4933842
10.2163379 7.4973080
10.2172885 7.5011851
10.2182343 7.5052510
10.2191752 7.5092964
10.2201113 7.5132926
10.2210426 7.5172406
10.2219692 7.5211415
10.2228910 7.5252172
10.2238082 7.5292885
10.2247207 7.5333101
10.2256286 7.5372830
10.2265319 7.5412082
10.2274306 7.5452939
10.2283249 7.5493918
10.2292146 7.5534393
10.2300999 7.5574375
10.2309808 7.5613876
10.2318573 7.5654837
10.2327294 7.5696087
10.2335972 7.5736827
10.2344607 7.5777070
10.2353199 7.5816825
10.2361749 7.5857892
10.2370257 7.5899419
10.2378723 7.5940431
10.2387147 7.5980940
10.2395530 7.6020956
10.2403872 7.6062130
10.2412174 7.6103942
10.2420435 7.6145233
10.2428656 7.6186014
10.2436837 7.6226296
10.2444978 7.6267581
10.2453080 7.6309685
10.2461143 7.6351261
10.2469167 7.6392321
10.2477152 7.6432876
10.2485099 7.6474274
10.2493009 7.6516675
10.2500880 7.6558543
10.2508714 7.6599889
10.2516510 7.6640723
10.2524270 7.6682236
10.2531992 7.6724944
10.2539678 7.6767111
10.2547328 7.6808749
10.2554941 7.6849870
10.2562519 7.6891501
10.2570061 7.6934522
10.2577567 7.6976995
10.2585039 7.7018933
10.2592475 7.7060347
10.2599877 7.7102098
10.2607244 7.7145440
10.2614577 7.7188228
10.2621875 7.7230472
10.2629140 7.7272186
10.2636371 7.7314060
10.2643569 7.7357732
10.2650734 7.7400841
10.2657865 7.7443400
10.2664964 7.7485422
10.2672030 7.7527421
10.2679064 7.7571430
10.2686065 7.7614869
10.2693034 7.7657750
10.2699972 7.7700087
10.2706878 7.7742214
10.2713752 7.7786569
10.2720596 7.7830346
10.2727408 7.7873558
10.2734189 7.7916218
10.2740940 7.7958475
10.2747660 7.8003185
10.2754350 7.8047308
10.2761010 7.8090859
10.2767640 7.8133850
10.2774240 7.8176294
10.2780811 7.8221313
10.2787352 7.8265792
10.2793864 7.8309690
10.2800347 7.8353021
10.2806801 7.8395796
10.2813226 7.8440992
10.2819623 7.8485836
10.2825991 7.8530090
10.2832331 7.8573768
10.2838644 7.8616884
10.2844928 7.8662260
10.2851184 7.8707478
10.2857413 7.8752097
10.2863615 7.8796132
10.2869790 7.8839597
10.2875937 7.8885157
10.2882057 7.8930758
10.2888151 7.8975752
10.2894218 7.9020153
10.2900259 7.9063975
10.2906273 7.9109722
10.2912261 7.9155717
10.2918224 7.9201095
10.2924160 7.9245872
10.2930071 7.9290060
10.2935956 7.9335999
10.2941815 7.9382398
10.2947650 7.9428170
10.2953459 7.9473332
10.2959243 7.9517896
10.2965003 7.9564031
10.2970738 7.9610844
10.2976448 7.9657021
10.2982134 7.9702577
10.2987795 7.9747527
10.2993433 7.9793860
10.2999046 7.9841099
10.3004635 7.9887691
10.3010201 7.9933652
10.3015743 7.9978998
10.3021262 8.0025534
10.3026757 8.0073209
10.3032229 8.0120227
10.3037678 8.0166605
10.3043103 8.0212356
10.3048506 8.0259099
10.3053887 8.0307222
10.3059244 8.0354678
10.3064580 8.0401481
10.3069892 8.0447649
10.3075183 8.0494602
10.3080451 8.0543186
10.3085698 8.0591090
10.3090922 8.0638332
10.3096125 8.0684927
10.3101306 8.0732094
10.3106466 8.0781150
10.3111604 8.0829515
10.3116721 8.0877206
10.3121817 8.0924239
10.3126891 8.0971624
10.3131945 8.1021165
10.3136978 8.1070003
10.3141990 8.1118156
10.3146981 8.1165639
10.3151952 8.1213245
10.3156902 8.1263285
10.3161832 8.1312608
10.3166742 8.1361234
10.3171632 8.1409179
10.3176502 8.1457010
10.3181352 8.1507562
10.3186182 8.1557384
10.3190992 8.1606496
10.3195783 8.1654915
10.3200554 8.1702974
10.3205306 8.1754051
10.3210039 8.1804386
10.3214752 8.1853997
10.3219447 8.1902903
10.3224122 8.1951193
10.3228779 8.2002811
10.3233416 8.2053671
10.3238035 8.2103795
10.3242636 8.2153200
10.3247218 8.2201905
10.3251781 8.2253897
10.3256326 8.2305298
10.3260853 8.2355948
10.3265362 8.2405866
10.3269853 8.2455071
10.3274326 8.2507371
10.3278780 8.2559327
10.3283218 8.2610517
10.3287637 8.2660961
10.3292039 8.2710679
10.3296423 8.2763293
10.3300790 8.2815818
10.3305140 8.2867563
10.3309472 8.2918548
10.3313787 8.2968792
10.3318085 8.3021725
10.3322366 8.3074836
10.3326630 8.3127151
10.3330878 8.3178690
10.3335108 8.3229475
10.3339322 8.3282731
10.3343519 8.3336444
10.3347700 8.3389344
10.3351865 8.3441453
10.3356013 8.3492792
10.3360144 8.3546378
10.3364260 8.3600708
10.3368359 8.3654209
10.3372443 8.3706903
10.3376510 8.3758811
10.3380562 8.3812732
10.3384598 8.3867697
10.3388618 8.3921815
10.3392623 8.3975109
10.3396612 8.4027601
10.3400585 8.4081861
10.3404543 8.4137478
10.3408486 8.4192230
10.3412413 8.4246140
10.3416325 8.4299233
10.3420222 8.4353836
10.3424104 8.4410123
10.3427971 8.4465525
10.3431824 8.4520069
10.3435661 8.4573776
10.3439483 8.4628728
10.3443291 8.4685703
10.3447084 8.4741774
10.3450863 8.4796967
10.3454627 8.4851307
10.3458377 8.4906611
10.3462112 8.4964293
10.3465833 8.5021050
10.3469540 8.5076910
10.3473233 8.5131898
10.3476911 8.5187559
10.3480576 8.5245967
10.3484226 8.5303429
10.3487863 8.5359974
10.3491486 8.5415627
10.3495095 8.5471649
10.3498690 8.5530802
10.3502272 8.5588988
10.3505840 8.5646235
10.3509395 8.5702571
10.3512936 8.5758957
10.3516464 8.5818876
10.3519978 8.5877806
10.3523480 8.5935774
10.3526968 8.5992811
10.3530442 8.6049564
10.3533904 8.6110270
10.3537353 8.6169962
10.3540789 8.6228671
10.3544212 8.6286427
10.3547622 8.6343550
10.3551019 8.6405063
10.3554403 8.6465539
10.3557775 8.6525008
10.3561134 8.6583501
10.3564481 8.6641046
10.3567815 8.6703340
10.3571137 8.6764619
10.3574446 8.6824868
10.3577743 8.6884117
10.3581028 8.6942397
10.3584300 8.7005183
10.3587560 8.7067288
10.3590808 8.7128337
10.3594044 8.7188362
10.3597268 8.7247394
10.3600481 8.7310678
10.3603681 8.7373630
10.3606869 8.7435500
10.3610046 8.7496320
10.3613210 8.7556124
10.3616363 8.7619911
10.3619505 8.7683733
10.3622635 8.7746445
10.3625753 8.7808082
10.3628860 8.7868677
10.3631955 8.7932972
10.3635039 8.7997686
10.3638112 8.8061261
10.3641173 8.8123735
10.3644223 8.8185141
10.3647262 8.8249949
10.3650290 8.8315578
10.3653307 8.8380039
10.3656313 8.8443371
10.3659307 8.8505608
10.3662291 8.8570932
10.3665264 8.8637500
10.3668226 8.8702870
10.3671177 8.8767081
10.3674117 8.8830169
10.3677047 8.8896014
10.3679966 8.8963545
10.3682874 8.9029846
10.3685772 8.9094958
10.3688659 8.9158919
10.3691536 8.9225287
10.3694402 8.9293806
10.3697258 8.9361062
10.3700104 8.9427097
10.3702939 8.9491951
10.3705764 8.9558844
10.3708579 8.9628377
10.3711384 8.9696611
10.3714178 8.9763592
10.3716963 8.9829362
10.3719737 8.9896782
10.3722501 8.9967353
10.3725256 9.0036591
10.3728000 9.0104541
10.3730735 9.0171247
10.3733459 9.0239196
10.3736174 9.0310832
10.3738880 9.0381097
10.3741575 9.0450040
10.3744261 9.0517705
10.3746937 9.0586183
10.3749604 9.0658910
10.3752261 9.0730228
10.3754908 9.0800187
10.3757546 9.0868834
10.3760175 9.0937840
10.3762794 9.1011685
10.3765404 9.1084082
10.3768005 9.1155082
10.3770596 9.1224734
10.3773178 9.1294266
10.3775751 9.1369258
10.3778315 9.1442759
10.3780869 9.1514824
10.3783415 9.1585504
10.3785951 9.1655561
10.3788479 9.1731727
10.3790997 9.1806359
10.3793507 9.1879515
10.3796007 9.1951246
10.3798499 9.2021824
10.3800982 9.2099193
10.3803456 9.2174983
10.3805922 9.2249255
10.3808378 9.2322062
10.3810826 9.2393457
10.3813266 9.2471758
10.3815697 9.2548734
10.3818119 9.2624146
10.3820533 9.2698053
10.3822938 9.2770509
10.3825334 9.2849523
10.3827723 9.2927712
10.3830102 9.3004292
10.3832474 9.3079324
10.3834837 9.3152864
10.3837192 9.3232591
10.3839539 9.3312022
10.3841877 9.3389796
10.3844207 9.3465977
10.3846529 9.3540625
10.3848843 9.3621065
10.3851149 9.3701766
10.3853446 9.3780762
10.3855736 9.3858118
10.3858018 9.3933897
10.3860291 9.4015049
10.3862557 9.4097050
10.3864815 9.4177295
10.3867065 9.4255851
10.3869307 9.4332785
10.3871541 9.4414648
10.3873768 9.4497978
10.3875987 9.4579499
10.3878198 9.4659282
10.3880401 9.4737395
10.3882597 9.4819965
10.3884785 9.4904655
10.3886965 9.4987480
10.3889138 9.5068516
10.3891304 9.5147834
10.3893462 9.5231106
10.3895612 9.5317186
10.3897755 9.5401345
10.3899891 9.5483661
10.3902019 9.5564209
10.3904139 9.5648177
10.3906253 9.5735679
10.3908359 9.5821201
10.3910458 9.5904824
10.3912550 9.5986626
10.3914634 9.6071284
10.3916711 9.6160240
10.3918781 9.6247154
10.3920844 9.6332112
10.3922900 9.6415194
10.3924949 9.6500534
10.3926991 9.6590976
10.3929025 9.6679312
10.3931053 9.6765633
10.3933074 9.6850022
10.3935088 9.6936034
10.3937095 9.7027995
10.3939095 9.7117784
10.3941088 9.7205496
10.3943074 9.7291218
10.3945054 9.7377893
10.3947026 9.7471406
10.3948992 9.7562679
10.3950952 9.7651811
10.3952904 9.7738893
10.3954850 9.7826217
10.3956789 9.7921317
10.3958722 9.8014107
10.3960648 9.8104688
10.3962567 9.8193157
10.3964480 9.8281116
10.3966387 9.8377839
10.3968287 9.8472176
10.3970180 9.8564236
10.3972067 9.8654120
10.3973948 9.8742700
10.3975822 9.8841081
10.3977690 9.8936999
10.3979551 9.9030569
10.3981406 9.9121896
10.3983255 9.9211079
10.4983255 9.9211079
end of dlaw #last point added to prevent roundoff
# ========= temperature law    ============
#depth sets distances from edge of cloud
tlaw table depth
-35.0000000 3.2718189
3.4245408 3.2718189
3.4574168 3.2718190
4.0163089 3.2718190
4.0491849 3.2718191
4.2464410 3.2718191
4.2793170 3.2718192
4.4108210 3.2718192
4.4436970 3.2718193
4.5094490 3.2718193
4.5423250 3.2718194
4.6080770 3.2718194
4.6409530 3.2718195
4.6738290 3.2718195
4.7067050 3.2718196
4.7395810 3.2718196
4.7724570 3.2718197
4.8053330 3.2718197
4.8382091 3.2718198
4.8710851 3.2718199
4.9039611 3.2718199
4.9368371 3.2718200
4.9697131 3.2718201
5.0025891 3.2718202
5.0354651 3.2718203
5.0683411 3.2718204
5.1012171 3.2718205
5.1340931 3.2718206
5.1669691 3.2718208
5.1998451 3.2718209
5.2327211 3.2718211
5.2655971 3.2718212
5.2984731 3.2718214
5.3313491 3.2718216
5.3642251 3.2718218
5.3971011 3.2718221
5.4299771 3.2718223
5.4628531 3.2718226
5.4957292 3.2718229
5.5286052 3.2718232
5.5614812 3.2718235
5.5943572 3.2718239
5.6272332 3.2718243
5.6601092 3.2718247
5.6929852 3.2718251
5.7258612 3.2718256
5.7587372 3.2718262
5.7916132 3.2718267
5.8244892 3.2718273
5.8573652 3.2718280
5.8902412 3.2718287
5.9231172 3.2718295
5.9559932 3.2718303
5.9888692 3.2718312
6.0217452 3.2718322
6.0546212 3.2718332
6.0874972 3.2718344
6.1203732 3.2718356
6.1532493 3.2718369
6.1861253 3.2718383
6.2190013 3.2718398
6.2518773 3.2718415
6.2847533 3.2718432
6.3176293 3.2718451
6.3505053 3.2718472
6.3833813 3.2718494
6.4162573 3.2718518
6.4491333 3.2718544
6.4820093 3.2718572
6.5148853 3.2718602
6.5477613 3.2718635
6.5806373 3.2718670
6.6135133 3.2718707
6.6463893 3.2718748
6.6792653 3.2718792
6.7121413 3.2718840
6.7450173 3.2718891
6.7778933 3.2718946
6.8107694 3.2719005
6.8436454 3.2719070
6.8765214 3.2719139
6.9093974 3.2719213
6.9422734 3.2719294
6.9751494 3.2719381
7.0080254 3.2719475
7.0409014 3.2719576
7.0737774 3.2719685
7.1066534 3.2719802
7.1395294 3.2719929
7.1724054 3.2720066
7.2052814 3.2720213
7.2381574 3.2720372
7.2710334 3.2720544
7.3039094 3.2720729
7.3367854 3.2720929
7.3696614 3.2721144
7.4025374 3.2721381
7.4354135 3.2721638
7.4682895 3.2721915
7.5011655 3.2722213
7.5340415 3.2722535
7.5669175 3.2722883
7.5997935 3.2723257
7.6326695 3.2723661
7.6655455 3.2724097
7.6984215 3.2724570
7.7312975 3.2725083
7.7641735 3.2725636
7.7970495 3.2726232
7.8299255 3.2726875
7.8761365 3.2727868
7.9179828 3.2728867
7.9562252 3.2729868
7.9914412 3.2730873
8.0240800 3.2731882
8.0544975 3.2732893
8.0829807 3.2733907
8.1097642 3.2734925
8.1350425 3.2735945
8.1589785 3.2736967
8.1817100 3.2737992
8.2033545 3.2739019
8.2240132 3.2740049
8.2437739 3.2741086
8.2627130 3.2742124
8.2808976 3.2743165
8.2983869 3.2744209
8.3152335 3.2745255
8.3314841 3.2746303
8.3471805 3.2747355
8.3623604 3.2748410
8.3770576 3.2749465
8.3913028 3.2750519
8.4051239 3.2751574
8.4185461 3.2752631
8.4315927 3.2753687
8.4442847 3.2754746
8.4566416 3.2755810
8.4686814 3.2756887
8.4804204 3.2757966
8.4918740 3.2759050
8.5030562 3.2760144
8.5139801 3.2761240
8.5246580 3.2762336
8.5351010 3.2763433
8.5453198 3.2764532
8.5553243 3.2765625
8.5651236 3.2766714
8.5747264 3.2767805
8.5841408 3.2768905
8.5933745 3.2770009
8.6024346 3.2771115
8.6113278 3.2772228
8.6200606 3.2773343
8.6286389 3.2774460
8.6370683 3.2775586
8.6453544 3.2776714
8.6535021 3.2777845
8.6615162 3.2778982
8.6694014 3.2780120
8.6771620 3.2781264
8.6848020 3.2782411
8.6923255 3.2783561
8.6997362 3.2784716
8.7070376 3.2785873
8.7142330 3.2787033
8.7213259 3.2788198
8.7283192 3.2789365
8.7352159 3.2790534
8.7420188 3.2791701
8.7487306 3.2792871
8.7553540 3.2794037
8.7618913 3.2795200
8.7683451 3.2796365
8.7747174 3.2797533
8.7810106 3.2798703
8.7872268 3.2799877
8.7933679 3.2801055
8.7994359 3.2802236
8.8054327 3.2803420
8.8113601 3.2804607
8.8172197 3.2805796
8.8230133 3.2806986
8.8287425 3.2808179
8.8344088 3.2809374
8.8400137 3.2810567
8.8455586 3.2811762
8.8510449 3.2812961
8.8564741 3.2814162
8.8618473 3.2815365
8.8671658 3.2816570
8.8724309 3.2817776
8.8776436 3.2818984
8.8828052 3.2820191
8.8879168 3.2821401
8.8929794 3.2822615
8.8979939 3.2823830
8.9029616 3.2825050
8.9078832 3.2826274
8.9127597 3.2827501
8.9175921 3.2828747
8.9223812 3.2830000
8.9271279 3.2831256
8.9318331 3.2832515
8.9364974 3.2833776
8.9411217 3.2835041
8.9457068 3.2836308
8.9502534 3.2837582
8.9547622 3.2838870
8.9592340 3.2840160
8.9636693 3.2841462
8.9680689 3.2842769
8.9724334 3.2844078
8.9767635 3.2845391
8.9810596 3.2846707
8.9853226 3.2848026
8.9895528 3.2849347
8.9937509 3.2850662
8.9979175 3.2851970
9.0020530 3.2853279
9.0061580 3.2854583
9.0102330 3.2855889
9.0142785 3.2857199
9.0182949 3.2858511
9.0222829 3.2859827
9.0262427 3.2861145
9.0301749 3.2862467
9.0340799 3.2863789
9.0379581 3.2865113
9.0418099 3.2866437
9.0456359 3.2867761
9.0494362 3.2869088
9.0532115 3.2870419
9.0569619 3.2871752
9.0606880 3.2873089
9.0643900 3.2874429
9.0680684 3.2875772
9.0717234 3.2877118
9.0753554 3.2878470
9.0789648 3.2879836
9.0825519 3.2881205
9.0861170 3.2882586
9.0896604 3.2883970
9.0931824 3.2885358
9.0966833 3.2886748
9.1001634 3.2888142
9.1036231 3.2889539
9.1070625 3.2890939
9.1104819 3.2892343
9.1138817 3.2893749
9.1172621 3.2895163
9.1206234 3.2896580
9.1239657 3.2898006
9.1272894 3.2899438
9.1305948 3.2900873
9.1338819 3.2902312
9.1371512 3.2903753
9.1404027 3.2905199
9.1436368 3.2906647
9.1468536 3.2908099
9.1500535 3.2909554
9.1532365 3.2911014
9.1564029 3.2912476
9.1595529 3.2913929
9.1626867 3.2915382
9.1658046 3.2916829
9.1689066 3.2918273
9.1719930 3.2919720
9.1750641 3.2921171
9.1781199 3.2922625
9.1811606 3.2924083
9.1841865 3.2925544
9.1871976 3.2927009
9.1901943 3.2928476
9.1931766 3.2929948
9.1961447 3.2931422
9.1990987 3.2932904
9.2020389 3.2934388
9.2049654 3.2935903
9.2078784 3.2937425
9.2107780 3.2938950
9.2136643 3.2940479
9.2165375 3.2942012
9.2193977 3.2943548
9.2222451 3.2945087
9.2250799 3.2946630
9.2279021 3.2948177
9.2307120 3.2949727
9.2335095 3.2951280
9.2362950 3.2952837
9.2390684 3.2954398
9.2418300 3.2955963
9.2445798 3.2957525
9.2473179 3.2959084
9.2500446 3.2960647
9.2527599 3.2962214
9.2554639 3.2963785
9.2581568 3.2965359
9.2608387 3.2966937
9.2635096 3.2968519
9.2661697 3.2970105
9.2688191 3.2971694
9.2714579 3.2973287
9.2740862 3.2974884
9.2767042 3.2976485
9.2793118 3.2978089
9.2819093 3.2979698
9.2844967 3.2981311
9.2870742 3.2982933
9.2896417 3.2984561
9.2921994 3.2986192
9.2947475 3.2987827
9.2972860 3.2989467
9.2998149 3.2991109
9.3023345 3.2992756
9.3048447 3.2994406
9.3073456 3.2996061
9.3098374 3.2997719
9.3123202 3.2999381
9.3147940 3.3001047
9.3172588 3.3002717
9.3197149 3.3004391
9.3221622 3.3006069
9.3246008 3.3007751
9.3270309 3.3009438
9.3294525 3.3011130
9.3318656 3.3012827
9.3342704 3.3014528
9.3366669 3.3016233
9.3390553 3.3017942
9.3414355 3.3019655
9.3438076 3.3021373
9.3461718 3.3023094
9.3485280 3.3024820
9.3508764 3.3026550
9.3532171 3.3028284
9.3555500 3.3030022
9.3578753 3.3031764
9.3601930 3.3033511
9.3625031 3.3035261
9.3648059 3.3037017
9.3671012 3.3038779
9.3693893 3.3040553
9.3716700 3.3042333
9.3739436 3.3044119
9.3762100 3.3045910
9.3784694 3.3047703
9.3807217 3.3049502
9.3829671 3.3051305
9.3852055 3.3053112
9.3874371 3.3054923
9.3896620 3.3056738
9.3918800 3.3058557
9.3940914 3.3060381
9.3962962 3.3062209
9.3984944 3.3064041
9.4006860 3.3065877
9.4028712 3.3067718
9.4050500 3.3069563
9.4072224 3.3071413
9.4093884 3.3073265
9.4115483 3.3075115
9.4137018 3.3076969
9.4158492 3.3078828
9.4179905 3.3080691
9.4201257 3.3082559
9.4222549 3.3084431
9.4243781 3.3086308
9.4264954 3.3088189
9.4286068 3.3090075
9.4307123 3.3091965
9.4328120 3.3093860
9.4349060 3.3095759
9.4369942 3.3097663
9.4390768 3.3099572
9.4411537 3.3101485
9.4432251 3.3103403
9.4452909 3.3105326
9.4473512 3.3107252
9.4494060 3.3109186
9.4514554 3.3111131
9.4534994 3.3113090
9.4555381 3.3115054
9.4575715 3.3117022
9.4595996 3.3118994
9.4616224 3.3120971
9.4636401 3.3122953
9.4656526 3.3124939
9.4676600 3.3126930
9.4696624 3.3128925
9.4716596 3.3130927
9.4736519 3.3132932
9.4756392 3.3134942
9.4776215 3.3136958
9.4795990 3.3138978
9.4815716 3.3141004
9.4835393 3.3143034
9.4855022 3.3145070
9.4874604 3.3147110
9.4894138 3.3149156
9.4913626 3.3151207
9.4933066 3.3153272
9.4952460 3.3155343
9.4971808 3.3157419
9.4991111 3.3159500
9.5010367 3.3161586
9.5029579 3.3163677
9.5048746 3.3165773
9.5067868 3.3167873
9.5086946 3.3169979
9.5105980 3.3172089
9.5124971 3.3174205
9.5143918 3.3176325
9.5162822 3.3178450
9.5181683 3.3180580
9.5200502 3.3182715
9.5219278 3.3184856
9.5238013 3.3187003
9.5256706 3.3189154
9.5275357 3.3191311
9.5293967 3.3193473
9.5312537 3.3195641
9.5331066 3.3197816
9.5349554 3.3200003
9.5368002 3.3202197
9.5386411 3.3204395
9.5404780 3.3206599
9.5423109 3.3208809
9.5441400 3.3211023
9.5459651 3.3213243
9.5477864 3.3215468
9.5496039 3.3217698
9.5514176 3.3219933
9.5532275 3.3222174
9.5550336 3.3224420
9.5568359 3.3226671
9.5586346 3.3228928
9.5604295 3.3231191
9.5622208 3.3233458
9.5640085 3.3235731
9.5657925 3.3238010
9.5675729 3.3240294
9.5693497 3.3242584
9.5711230 3.3244880
9.5728927 3.3247182
9.5746589 3.3249492
9.5764217 3.3251810
9.5781809 3.3254136
9.5799367 3.3256468
9.5816890 3.3258805
9.5834380 3.3261147
9.5851835 3.3263495
9.5869257 3.3265849
9.5886645 3.3268208
9.5904000 3.3270572
9.5921322 3.3272943
9.5938611 3.3275319
9.5955867 3.3277701
9.5973090 3.3280089
9.5990282 3.3282482
9.6007441 3.3284881
9.6024568 3.3287286
9.6041663 3.3289697
9.6058727 3.3292113
9.6075759 3.3294536
9.6092760 3.3296965
9.6109729 3.3299400
9.6126668 3.3301841
9.6143577 3.3304288
9.6160454 3.3306749
9.6177302 3.3309222
9.6194119 3.3311705
9.6210906 3.3314194
9.6227663 3.3316689
9.6244391 3.3319190
9.6261089 3.3321697
9.6277757 3.3324210
9.6294397 3.3326729
9.6311007 3.3329254
9.6327589 3.3331785
9.6344142 3.3334322
9.6360666 3.3336865
9.6377162 3.3339414
9.6393629 3.3341969
9.6410069 3.3344531
9.6426480 3.3347098
9.6442864 3.3349672
9.6459220 3.3352252
9.6475549 3.3354839
9.6491851 3.3357433
9.6508125 3.3360033
9.6524372 3.3362641
9.6540592 3.3365255
9.6556786 3.3367876
9.6572953 3.3370507
9.6589093 3.3373172
9.6605207 3.3375846
9.6621295 3.3378525
9.6637357 3.3381211
9.6653393 3.3383903
9.6669403 3.3386601
9.6685388 3.3389306
9.6701347 3.3392016
9.6717281 3.3394734
9.6733190 3.3397457
9.6749073 3.3400187
9.6764932 3.3402923
9.6780765 3.3405666
9.6796574 3.3408416
9.6812359 3.3411172
9.6828119 3.3413935
9.6843854 3.3416705
9.6859566 3.3419483
9.6875253 3.3422268
9.6890916 3.3425060
9.6906556 3.3427859
9.6922172 3.3430665
9.6937764 3.3433479
9.6953333 3.3436300
9.6968878 3.3439129
9.6984401 3.3441965
9.6999900 3.3444819
9.7015376 3.3447682
9.7030829 3.3450551
9.7046260 3.3453426
9.7061667 3.3456307
9.7077053 3.3459195
9.7092416 3.3462089
9.7107756 3.3464990
9.7123075 3.3467897
9.7138371 3.3470812
9.7153645 3.3473733
9.7168898 3.3476662
9.7184128 3.3479599
9.7199337 3.3482542
9.7214525 3.3485493
9.7229691 3.3488452
9.7244835 3.3491417
9.7259959 3.3494391
9.7275061 3.3497371
9.7290142 3.3500359
9.7305203 3.3503355
9.7320242 3.3506358
9.7335261 3.3509369
9.7350259 3.3512388
9.7365237 3.3515414
9.7380194 3.3518448
9.7395131 3.3521450
9.7410048 3.3524304
9.7424944 3.3527012
9.7439821 3.3529726
9.7454677 3.3532445
9.7469514 3.3535170
9.7484331 3.3537901
9.7499128 3.3540638
9.7513906 3.3543380
9.7528664 3.3546128
9.7543403 3.3548882
9.7558122 3.3551642
9.7572823 3.3554408
9.7587504 3.3557180
9.7602166 3.3559958
9.7616809 3.3562742
9.7631434 3.3565531
9.7646039 3.3568327
9.7660626 3.3571130
9.7675195 3.3573939
9.7689744 3.3576755
9.7704276 3.3579577
9.7718789 3.3582407
9.7733284 3.3585244
9.7747761 3.3588088
9.7762219 3.3590940
9.7776660 3.3593798
9.7791083 3.3596665
9.7805487 3.3599545
9.7819875 3.3602545
9.7834244 3.3605734
9.7848596 3.3608930
9.7862930 3.3612132
9.7877247 3.3615340
9.7891547 3.3618555
9.7905829 3.3621776
9.7920094 3.3625005
9.7934342 3.3628240
9.7948573 3.3631483
9.7962787 3.3634734
9.7976984 3.3637993
9.7991164 3.3641259
9.8005327 3.3644533
9.8019474 3.3647814
9.8033604 3.3651104
9.8047718 3.3654401
9.8061815 3.3657706
9.8075896 3.3661019
9.8089961 3.3664340
9.8104009 3.3667670
9.8118041 3.3671007
9.8132057 3.3674353
9.8146057 3.3677707
9.8160041 3.3681070
9.8174009 3.3684442
9.8187962 3.3687823
9.8201898 3.3691215
9.8215819 3.3694616
9.8229724 3.3698078
9.8243614 3.3701653
9.8257488 3.3705262
9.8271347 3.3708879
9.8285191 3.3712503
9.8299019 3.3716134
9.8312832 3.3719772
9.8326630 3.3723418
9.8340413 3.3727071
9.8354181 3.3730733
9.8367934 3.3734402
9.8381671 3.3738080
9.8395395 3.3741767
9.8409103 3.3745462
9.8422797 3.3749167
9.8436476 3.3752881
9.8450140 3.3756603
9.8463790 3.3760335
9.8477425 3.3764076
9.8491046 3.3767827
9.8504653 3.3771586
9.8518245 3.3775355
9.8531824 3.3779133
9.8545388 3.3782921
9.8558938 3.3786718
9.8572474 3.3790526
9.8585995 3.3794344
9.8599503 3.3798175
9.8612998 3.3802015
9.8626478 3.3805867
9.8639944 3.3809739
9.8653397 3.3813671
9.8666836 3.3817630
9.8680262 3.3821596
9.8693674 3.3825569
9.8707073 3.3829550
9.8720458 3.3833539
9.8733830 3.3837535
9.8747188 3.3841539
9.8760534 3.3845551
9.8773866 3.3849573
9.8787185 3.3853604
9.8800491 3.3857644
9.8813783 3.3861694
9.8827063 3.3865753
9.8840330 3.3869821
9.8853584 3.3873899
9.8866825 3.3877987
9.8880053 3.3882084
9.8893269 3.3886191
9.8906472 3.3890308
9.8919662 3.3894435
9.8932840 3.3898572
9.8946005 3.3902721
9.8959158 3.3906882
9.8972298 3.3911054
9.8985426 3.3915238
9.8998542 3.3919435
9.9011645 3.3923643
9.9024736 3.3927863
9.9037815 3.3932095
9.9050882 3.3936340
9.9063936 3.3940201
9.9076979 3.3943844
9.9090009 3.3947491
9.9103028 3.3951143
9.9116035 3.3954803
9.9129030 3.3958470
9.9142013 3.3962143
9.9154984 3.3965824
9.9167944 3.3969512
9.9180891 3.3973207
9.9193828 3.3976909
9.9206752 3.3980619
9.9219666 3.3984336
9.9232567 3.3988061
9.9245458 3.3991793
9.9258336 3.3995533
9.9271204 3.3999282
9.9284060 3.4003042
9.9296905 3.4006811
9.9309738 3.4010590
9.9322561 3.4014379
9.9335372 3.4018178
9.9348172 3.4021987
9.9360961 3.4025806
9.9373740 3.4029636
9.9386507 3.4033476
9.9399263 3.4037326
9.9412008 3.4041188
9.9424743 3.4045062
9.9437466 3.4048950
9.9450179 3.4052893
9.9462881 3.4057552
9.9475573 3.4062457
9.9488253 3.4067376
9.9500924 3.4072308
9.9513583 3.4077252
9.9526232 3.4082210
9.9538871 3.4087181
9.9551499 3.4092166
9.9564117 3.4097166
9.9576724 3.4102181
9.9589321 3.4107213
9.9601908 3.4112261
9.9614484 3.4117324
9.9627050 3.4122405
9.9639606 3.4127501
9.9652152 3.4132614
9.9664688 3.4137744
9.9677214 3.4142890
9.9689729 3.4148054
9.9702235 3.4153237
9.9714731 3.4158438
9.9727217 3.4163658
9.9739692 3.4168900
9.9752158 3.4174160
9.9764615 3.4179441
9.9777061 3.4184742
9.9789498 3.4190064
9.9801925 3.4195360
9.9814342 3.4200575
9.9826750 3.4205799
9.9839148 3.4211033
9.9851536 3.4216277
9.9863915 3.4221532
9.9876285 3.4226798
9.9888645 3.4232076
9.9900995 3.4237365
9.9913337 3.4242666
9.9925668 3.4247978
9.9937991 3.4253302
9.9950304 3.4258638
9.9962608 3.4263988
9.9974903 3.4269353
9.9987188 3.4274734
9.9999464 3.4280129
10.0011732 3.4285540
10.0023990 3.4290967
10.0036239 3.4296409
10.0048479 3.4301867
10.0060710 3.4307342
10.0072932 3.4312833
10.0085145 3.4318343
10.0097349 3.4323872
10.0109544 3.4329370
10.0121731 3.4334828
10.0133908 3.4340298
10.0146077 3.4345778
10.0158237 3.4351269
10.0170389 3.4356772
10.0182531 3.4362286
10.0194666 3.4367813
10.0206791 3.4373354
10.0218908 3.4378910
10.0231016 3.4384481
10.0243116 3.4390069
10.0255207 3.4395671
10.0267290 3.4401290
10.0279364 3.4406925
10.0291430 3.4412576
10.0303487 3.4418244
10.0315536 3.4423932
10.0327577 3.4429640
10.0339609 3.4435369
10.0351633 3.4441118
10.0363649 3.4446888
10.0375657 3.4452680
10.0387657 3.4458499
10.0399648 3.4464379
10.0411631 3.4470275
10.0423606 3.4476183
10.0435573 3.4482103
10.0447532 3.4488036
10.0459483 3.4493984
10.0471426 3.4499944
10.0483361 3.4505919
10.0495288 3.4511907
10.0507207 3.4517910
10.0519118 3.4523929
10.0531022 3.4529967
10.0542917 3.4536024
10.0554805 3.4542100
10.0566685 3.4548196
10.0578557 3.4554311
10.0590422 3.4560447
10.0602278 3.4566602
10.0614127 3.4572780
10.0625969 3.4578982
10.0637803 3.4585209
10.0649629 3.4591535
10.0661448 3.4597917
10.0673259 3.4604311
10.0685062 3.4610715
10.0696858 3.4617130
10.0708647 3.4623558
10.0720428 3.4630002
10.0732202 3.4636463
10.0743968 3.4642940
10.0755727 3.4649436
10.0767478 3.4655949
10.0779223 3.4662479
10.0790960 3.4669028
10.0802689 3.4675597
10.0814412 3.4682190
10.0826127 3.4688807
10.0837835 3.4695449
10.0849536 3.4702116
10.0861229 3.4708807
10.0872916 3.4715535
10.0884595 3.4722413
10.0896268 3.4729302
10.0907933 3.4736205
10.0919591 3.4743121
10.0931242 3.4750050
10.0942887 3.4756994
10.0954524 3.4763953
10.0966154 3.4770926
10.0977778 3.4777916
10.0989394 3.4784928
10.1001004 3.4791962
10.1012606 3.4799018
10.1024202 3.4806097
10.1035791 3.4813198
10.1047374 3.4820323
10.1058949 3.4827472
10.1070518 3.4834653
10.1082080 3.4841884
10.1093635 3.4849271
10.1105184 3.4856667
10.1116726 3.4864073
10.1128261 3.4871489
10.1139790 3.4878918
10.1151312 3.4886365
10.1162828 3.4893831
10.1174337 3.4901315
10.1185839 3.4908819
10.1197335 3.4916342
10.1208825 3.4923885
10.1220308 3.4931454
10.1231784 3.4939050
10.1243254 3.4946675
10.1254718 3.4954330
10.1266175 3.4962014
10.1277626 3.4969829
10.1289071 3.4977718
10.1300509 3.4985618
10.1311941 3.4993530
10.1323367 3.5001457
10.1334786 3.5009397
10.1346200 3.5017352
10.1357607 3.5025323
10.1369007 3.5033314
10.1380402 3.5041330
10.1391790 3.5049371
10.1403173 3.5057438
10.1414549 3.5065531
10.1425919 3.5073650
10.1437283 3.5081802
10.1448641 3.5090066
10.1459992 3.5098470
10.1471338 3.5106882
10.1482678 3.5115301
10.1494012 3.5123730
10.1505339 3.5132173
10.1516661 3.5140635
10.1527977 3.5149117
10.1539287 3.5157619
10.1550591 3.5166144
10.1561889 3.5174691
10.1573182 3.5183267
10.1584468 3.5191876
10.1595749 3.5200519
10.1607023 3.5209260
10.1618293 3.5218178
10.1629556 3.5227099
10.1640813 3.5236029
10.1652065 3.5244972
10.1663311 3.5253929
10.1674551 3.5262901
10.1685786 3.5271888
10.1697015 3.5280896
10.1708238 3.5289932
10.1719456 3.5298997
10.1730668 3.5308092
10.1741875 3.5317218
10.1753075 3.5326430
10.1764271 3.5335873
10.1775461 3.5345319
10.1786645 3.5354770
10.1797824 3.5364226
10.1808997 3.5373690
10.1820165 3.5383169
10.1831327 3.5392670
10.1842484 3.5402193
10.1853635 3.5411740
10.1864781 3.5421312
10.1875922 3.5430916
10.1887057 3.5440576
10.1898187 3.5450507
10.1909311 3.5460433
10.1920431 3.5470355
10.1931544 3.5480283
10.1942653 3.5490224
10.1953756 3.5500179
10.1964854 3.5510150
10.1975947 3.5520138
10.1987035 3.5530155
10.1998117 3.5540207
10.2009194 3.5550294
10.2020266 3.5560647
10.2031333 3.5571079
10.2042394 3.5581510
10.2053451 3.5591943
10.2064502 3.5602379
10.2075548 3.5612819
10.2086589 3.5623272
10.2097625 3.5633750
10.2108656 3.5644255
10.2119682 3.5654787
10.2130703 3.5665408
10.2141719 3.5676341
10.2152730 3.5687262
10.2163736 3.5698172
10.2174737 3.5709073
10.2185733 3.5719977
10.2196724 3.5730895
10.2207710 3.5741829
10.2218691 3.5752781
10.2229667 3.5763757
10.2240639 3.5775160
10.2251605 3.5787392
10.2262567 3.5799608
10.2273523 3.5811813
10.2284475 3.5824024
10.2295423 3.5836247
10.2306365 3.5848485
10.2317302 3.5860740
10.2328235 3.5873032
10.2339163 3.5885342
10.2350087 3.5897401
10.2361005 3.5909419
10.2371919 3.5921415
10.2382828 3.5933397
10.2393733 3.5945367
10.2404632 3.5957333
10.2415527 3.5969312
10.2426418 3.5981314
10.2437304 3.5993429
10.2448185 3.6005628
10.2459062 3.6017787
10.2469934 3.6029913
10.2480801 3.6042009
10.2491664 3.6054089
10.2502522 3.6066173
10.2513376 3.6078265
10.2524225 3.6090507
10.2535070 3.6103004
10.2545910 3.6115437
10.2556746 3.6127810
10.2567577 3.6140132
10.2578404 3.6152431
10.2589226 3.6164713
10.2600044 3.6176982
10.2610858 3.6189646
10.2621667 3.6202388
10.2632472 3.6215039
10.2643272 3.6227612
10.2654068 3.6240137
10.2664860 3.6252620
10.2675647 3.6265068
10.2686430 3.6277883
10.2697208 3.6290885
10.2707983 3.6303763
10.2718753 3.6316545
10.2729518 3.6329254
10.2740280 3.6341894
10.2751037 3.6354487
10.2761790 3.6367656
10.2772538 3.6380794
10.2783283 3.6393783
10.2794023 3.6406664
10.2804759 3.6419440
10.2815491 3.6432128
10.2826219 3.6445966
10.2836942 3.6460936
10.2847662 3.6475744
10.2858377 3.6490432
10.2869088 3.6505009
10.2879795 3.6519495
10.2890498 3.6533920
10.2901197 3.6548147
10.2911891 3.6562173
10.2922582 3.6576037
10.2933269 3.6589747
10.2943951 3.6603343
10.2954630 3.6617698
10.2965304 3.6631942
10.2975975 3.6645955
10.2986641 3.6659760
10.2997304 3.6673376
10.3007962 3.6687474
10.3018617 3.6701881
10.3029267 3.6715984
10.3039914 3.6729828
10.3050556 3.6743428
10.3061195 3.6757287
10.3071830 3.6771362
10.3082461 3.6785117
10.3093088 3.6798610
10.3103711 3.6811854
10.3114331 3.6822216
10.3124946 3.6832150
10.3135558 3.6842445
10.3146166 3.6856789
10.3156770 3.6873352
10.3167370 3.6890656
10.3177966 3.6907940
10.3188559 3.6925080
10.3199147 3.6942035
10.3209732 3.6958679
10.3220314 3.6975127
10.3230891 3.6991272
10.3241465 3.7007256
10.3252035 3.7023481
10.3262601 3.7039384
10.3273164 3.7055247
10.3283723 3.7071273
10.3294278 3.7087371
10.3304830 3.7103083
10.3315378 3.7119135
10.3325922 3.7134794
10.3336462 3.7150410
10.3346999 3.7165950
10.3357533 3.7181263
10.3368062 3.7196444
10.3378588 3.7211420
10.3389111 3.7226119
10.3399630 3.7240732
10.3410145 3.7254770
10.3420657 3.7268851
10.3431165 3.7282345
10.3441670 3.7295621
10.3452171 3.7308180
10.3462668 3.7320640
10.3473162 3.7332237
10.3483653 3.7343565
10.3494140 3.7354123
10.3504624 3.7364007
10.3515104 3.7373233
10.3525580 3.7381417
10.3536053 3.7389009
10.3546523 3.7395467
10.3556989 3.7400957
10.3567452 3.7405520
10.3577912 3.7408610
10.3588368 3.7410744
10.3598820 3.7411456
10.3609269 3.7410707
10.3619715 3.7408593
10.3630158 3.7404947
10.3640597 3.7399529
10.3651032 3.7392581
10.3661465 3.7383790
10.3671894 3.7373073
10.3682319 3.7360592
10.3692742 3.7346749
10.3703161 3.7330501
10.3713577 3.7309733
10.3723989 3.7286421
10.3734398 3.7260741
10.3744804 3.7232645
10.3755207 3.7201908
10.3765606 3.7168446
10.3776002 3.7132214
10.3786395 3.7093202
10.3796785 3.7051261
10.3807171 3.7006372
10.3817554 3.6958399
10.3827934 3.6908335
10.3838311 3.6856918
10.3848685 3.6802977
10.3859055 3.6747027
10.3869422 3.6689755
10.3879786 3.6632277
10.3890147 3.6576090
10.3900505 3.6523032
10.3910860 3.6474837
10.3921211 3.6432832
10.3931560 3.6397579
10.3941905 3.6369690
10.3952247 3.6352992
10.3962586 3.6357871
10.3972922 3.6394958
10.3983255 3.6464524
10.4983255 3.6464524
end of tlaw #last point added to prevent roundoff
save heating ".heat" last
set WeakHeatCool 0.01 #for .heat and .cool output files
save species densities last ".den"
"H[:21]"
"He[:43]"
"He+[:55]"
"Li[:15]"
"Li+[:9]"
"Li+2[:15]"
"Be[:15]"
"Be+[:15]"
"Be+2[:9]"
"Be+3[:15]"
"B[:15]"
"B+[:15]"
"B+2[:15]"
"B+3[:13]"
"B+4[:15]"
"C[:15]"
"C+[:15]"
"C+2[:15]"
"C+3[:15]"
"C+4[:31]"
"C+5[:15]"
"N[:50]"
"N+[:15]"
"N+2[:15]"
"N+3[:15]"
"N+4[:15]"
"N+5[:8]"
"N+6[:15]"
"O[:29]"
"O+[:15]"
"O+2[:15]"
"O+3[:15]"
"O+4[:15]"
"O+5[:15]"
"O+6[:8]"
"F+[:7]"
"F+2[:15]"
"F+3[:15]"
"F+4[:5]"
"F+5[:15]"
"F+6[:15]"
"Ne[:15]"
"Ne+[:2]"
"Ne+2[:14]"
"Ne+3[:15]"
"Ne+4[:15]"
"Ne+5[:15]"
"Ne+6[:15]"
"Na[:15]"
"Na+[:15]"
"Na+2[:3]"
"Na+3[:9]"
"Na+4[:13]"
"Na+5[:9]"
"Na+6[:15]"
"Mg[:15]"
"Mg+[:15]"
"Mg+2[:15]"
"Mg+3[:3]"
"Mg+4[:15]"
"Mg+5[:15]"
"Mg+6[:15]"
"Al[:15]"
"Al+[:15]"
"Al+2[:15]"
"Al+3[:15]"
"Al+4[:3]"
"Al+5[:15]"
"Al+6[:15]"
"Si[:15]"
"Si+[:15]"
"Si+2[:15]"
"Si+3[:15]"
"Si+4[:15]"
"Si+5[:8]"
"Si+6[:15]"
"P[:15]"
"P+[:15]"
"P+2[:8]"
"P+3[:15]"
"P+4[:15]"
"P+5[:15]"
"P+6[:3]"
"S[:15]"
"S+[:15]"
"S+2[:15]"
"S+3[:15]"
"S+4[:15]"
"S+5[:15]"
"S+6[:15]"
"Cl[:15]"
"Cl+[:5]"
"Cl+2[:5]"
"Cl+3[:5]"
"Cl+4[:15]"
"Cl+5[:15]"
"Cl+6[:5]"
"Ar[:15]"
"Ar+[:15]"
"Ar+2[:15]"
"Ar+3[:15]"
"Ar+4[:15]"
"Ar+5[:15]"
"Ar+6[:14]"
"K[:15]"
"K+[:15]"
"K+2[:15]"
"K+3[:15]"
"K+4[:5]"
"K+5[:5]"
"K+6[:2]"
"Ca[:15]"
"Ca+[:15]"
"Ca+2[:15]"
"Ca+3[:15]"
"Ca+4[:5]"
"Ca+5[:15]"
"Ca+6[:15]"
"Sc[:15]"
"Sc+[:15]"
"Sc+2[:15]"
"Sc+3[:15]"
"Sc+4[:15]"
"Sc+6[:15]"
"Ti[:1]"
"Ti+[:1]"
"Ti+2[:15]"
"Ti+3[:15]"
"Ti+5[:2]"
"V[:1]"
"V+[:1]"
"V+2[:1]"
"Cr[:1]"
"Cr+[:15]"
"Mn[:15]"
"Mn+[:1]"
"Fe[:15]"
"Fe+[:80]"
"Fe+2[:25]"
"Fe+4[:25]"
"Fe+6[:9]"
"Co[:1]"
"Co+[:15]"
"Co+2[:15]"
"Ni[:15]"
"Ni+[:15]"
"Ni+2[:15]"
"Ni+4[:15]"
"Cu[:15]"
"Cu+[:1]"
"Zn[:1]"
end
save species energies last ".en"
"H[:21]"
"He[:43]"
"He+[:55]"
"Li[:15]"
"Li+[:9]"
"Li+2[:15]"
"Be[:15]"
"Be+[:15]"
"Be+2[:9]"
"Be+3[:15]"
"B[:15]"
"B+[:15]"
"B+2[:15]"
"B+3[:13]"
"B+4[:15]"
"C[:15]"
"C+[:15]"
"C+2[:15]"
"C+3[:15]"
"C+4[:31]"
"C+5[:15]"
"N[:50]"
"N+[:15]"
"N+2[:15]"
"N+3[:15]"
"N+4[:15]"
"N+5[:8]"
"N+6[:15]"
"O[:29]"
"O+[:15]"
"O+2[:15]"
"O+3[:15]"
"O+4[:15]"
"O+5[:15]"
"O+6[:8]"
"F+[:7]"
"F+2[:15]"
"F+3[:15]"
"F+4[:5]"
"F+5[:15]"
"F+6[:15]"
"Ne[:15]"
"Ne+[:2]"
"Ne+2[:14]"
"Ne+3[:15]"
"Ne+4[:15]"
"Ne+5[:15]"
"Ne+6[:15]"
"Na[:15]"
"Na+[:15]"
"Na+2[:3]"
"Na+3[:9]"
"Na+4[:13]"
"Na+5[:9]"
"Na+6[:15]"
"Mg[:15]"
"Mg+[:15]"
"Mg+2[:15]"
"Mg+3[:3]"
"Mg+4[:15]"
"Mg+5[:15]"
"Mg+6[:15]"
"Al[:15]"
"Al+[:15]"
"Al+2[:15]"
"Al+3[:15]"
"Al+4[:3]"
"Al+5[:15]"
"Al+6[:15]"
"Si[:15]"
"Si+[:15]"
"Si+2[:15]"
"Si+3[:15]"
"Si+4[:15]"
"Si+5[:8]"
"Si+6[:15]"
"P[:15]"
"P+[:15]"
"P+2[:8]"
"P+3[:15]"
"P+4[:15]"
"P+5[:15]"
"P+6[:3]"
"S[:15]"
"S+[:15]"
"S+2[:15]"
"S+3[:15]"
"S+4[:15]"
"S+5[:15]"
"S+6[:15]"
"Cl[:15]"
"Cl+[:5]"
"Cl+2[:5]"
"Cl+3[:5]"
"Cl+4[:15]"
"Cl+5[:15]"
"Cl+6[:5]"
"Ar[:15]"
"Ar+[:15]"
"Ar+2[:15]"
"Ar+3[:15]"
"Ar+4[:15]"
"Ar+5[:15]"
"Ar+6[:14]"
"K[:15]"
"K+[:15]"
"K+2[:15]"
"K+3[:15]"
"K+4[:5]"
"K+5[:5]"
"K+6[:2]"
"Ca[:15]"
"Ca+[:15]"
"Ca+2[:15]"
"Ca+3[:15]"
"Ca+4[:5]"
"Ca+5[:15]"
"Ca+6[:15]"
"Sc[:15]"
"Sc+[:15]"
"Sc+2[:15]"
"Sc+3[:15]"
"Sc+4[:15]"
"Sc+6[:15]"
"Ti[:1]"
"Ti+[:1]"
"Ti+2[:15]"
"Ti+3[:15]"
"Ti+5[:2]"
"V[:1]"
"V+[:1]"
"V+2[:1]"
"Cr[:1]"
"Cr+[:15]"
"Mn[:15]"
"Mn+[:1]"
"Fe[:15]"
"Fe+[:80]"
"Fe+2[:25]"
"Fe+4[:25]"
"Fe+6[:9]"
"Co[:1]"
"Co+[:15]"
"Co+2[:15]"
"Ni[:15]"
"Ni+[:15]"
"Ni+2[:15]"
"Ni+4[:15]"
"Cu[:15]"
"Cu+[:1]"
"Zn[:1]"
end